0 -1 -1
1 -1 -1
100 -1 -1
1000 -1 -1
1001 -1 -1
1002 -1 -1
1003 -1 -1
1005 -1 -1
1007 -1 -1
1009 -1 -1
1010 -1 -1
1011 -1 -1
1013 -1 -1
1014 -1 -1
1018 -1 -1
1019 -1 -1
1020 -1 -1
1021 -1 -1
1022 -1 -1
1023 -1 -1
1025 -1 -1
1027 -1 -1
103 -1 -1
1032 -1 -1
1038 -1 -1
1039 -1 -1
1040 -1 -1
1041 -1 -1
1042 -1 -1
1046 -1 -1
1047 -1 -1
1048 -1 -1
105 -1 -1
1050 -1 -1
1053 -1 -1
1054 -1 -1
1055 -1 -1
1057 -1 -1
1058 -1 -1
1059 -1 -1
1060 -1 -1
1061 -1 -1
1062 -1 -1
1065 -1 -1
1066 -1 -1
1068 -1 -1
107 -1 -1
1070 -1 -1
1071 -1 -1
1072 -1 -1
1073 -1 -1
1075 -1 -1
1076 -1 -1
1077 -1 -1
1078 -1 -1
1079 -1 -1
108 -1 -1
1080 -1 -1
1083 -1 -1
1084 -1 -1
1086 -1 -1
1087 -1 -1
1088 -1 -1
109 -1 -1
1091 -1 -1
1093 -1 -1
1095 -1 -1
1097 -1 -1
1098 -1 -1
1099 -1 -1
1101 -1 -1
1102 -1 -1
1103 -1 -1
1106 -1 -1
1109 -1 -1
1110 -1 -1
1111 -1 -1
1112 -1 -1
1113 -1 -1
1115 -1 -1
1116 -1 -1
1118 -1 -1
112 -1 -1
1120 -1 -1
1121 -1 -1
1122 -1 -1
1123 -1 -1
1127 -1 -1
1129 -1 -1
113 -1 -1
1132 -1 -1
1135 -1 -1
1138 -1 -1
1141 -1 -1
1142 -1 -1
1143 -1 -1
1145 -1 -1
1148 -1 -1
1149 -1 -1
115 -1 -1
1153 -1 -1
1154 -1 -1
1155 -1 -1
1156 -1 -1
1157 -1 -1
116 -1 -1
1160 -1 -1
1161 -1 -1
1163 -1 -1
1166 -1 -1
1167 -1 -1
1168 -1 -1
1170 -1 -1
1171 -1 -1
1176 -1 -1
1178 -1 -1
1179 -1 -1
118 -1 -1
1181 -1 -1
1182 -1 -1
1184 -1 -1
1185 -1 -1
1187 -1 -1
119 -1 -1
1190 -1 -1
1191 -1 -1
1192 -1 -1
1193 -1 -1
1194 -1 -1
1196 -1 -1
1198 -1 -1
12 -1 -1
1200 -1 -1
1204 -1 -1
1207 -1 -1
1209 -1 -1
1210 -1 -1
1213 -1 -1
1214 -1 -1
1216 -1 -1
1219 -1 -1
122 -1 -1
1221 -1 -1
1222 -1 -1
1223 -1 -1
1224 -1 -1
1228 -1 -1
1229 -1 -1
1231 -1 -1
1232 -1 -1
1233 -1 -1
1234 -1 -1
1236 -1 -1
1237 -1 -1
1240 -1 -1
1243 -1 -1
1244 -1 -1
1245 -1 -1
1246 -1 -1
1247 -1 -1
1249 -1 -1
1250 -1 -1
1254 -1 -1
1256 -1 -1
1258 -1 -1
1259 -1 -1
126 -1 -1
1260 -1 -1
1262 -1 -1
1266 -1 -1
1267 -1 -1
1268 -1 -1
1269 -1 -1
1271 -1 -1
1272 -1 -1
1273 -1 -1
1276 -1 -1
1277 -1 -1
1278 -1 -1
128 -1 -1
1281 -1 -1
1283 -1 -1
129 -1 -1
1291 -1 -1
1292 -1 -1
1295 -1 -1
1296 -1 -1
1299 -1 -1
13 -1 -1
130 -1 -1
1303 -1 -1
1304 -1 -1
1305 -1 -1
1308 -1 -1
131 -1 -1
1310 -1 -1
1311 -1 -1
1312 -1 -1
1313 -1 -1
1316 -1 -1
1317 -1 -1
1318 -1 -1
1319 -1 -1
132 -1 -1
1320 -1 -1
1321 -1 -1
1333 -1 -1
1338 -1 -1
1339 -1 -1
1343 -1 -1
1346 -1 -1
1348 -1 -1
1349 -1 -1
1350 -1 -1
1351 -1 -1
1354 -1 -1
1355 -1 -1
1359 -1 -1
136 -1 -1
1360 -1 -1
1362 -1 -1
1363 -1 -1
1367 -1 -1
1368 -1 -1
1369 -1 -1
137 -1 -1
1370 -1 -1
1372 -1 -1
1375 -1 -1
1376 -1 -1
1380 -1 -1
1382 -1 -1
1385 -1 -1
1386 -1 -1
1388 -1 -1
1389 -1 -1
139 -1 -1
1390 -1 -1
1391 -1 -1
1392 -1 -1
1393 -1 -1
1394 -1 -1
1395 -1 -1
1396 -1 -1
1399 -1 -1
14 -1 -1
1400 -1 -1
1401 -1 -1
1402 -1 -1
1403 -1 -1
1404 -1 -1
1406 -1 -1
1408 -1 -1
1410 -1 -1
1411 -1 -1
1412 -1 -1
1413 -1 -1
1415 -1 -1
1416 -1 -1
1417 -1 -1
1418 -1 -1
1420 -1 -1
1421 -1 -1
1422 -1 -1
1425 -1 -1
1427 -1 -1
1429 -1 -1
143 -1 -1
1430 -1 -1
1432 -1 -1
1433 -1 -1
1437 -1 -1
1438 -1 -1
1439 -1 -1
1441 -1 -1
1443 -1 -1
1444 -1 -1
1445 -1 -1
1446 -1 -1
1449 -1 -1
145 -1 -1
1452 -1 -1
1454 -1 -1
1456 -1 -1
1459 -1 -1
146 -1 -1
1461 -1 -1
1465 -1 -1
1467 -1 -1
1468 -1 -1
1469 -1 -1
147 -1 -1
1472 -1 -1
1473 -1 -1
1476 -1 -1
1478 -1 -1
148 -1 -1
1480 -1 -1
1483 -1 -1
1484 -1 -1
1485 -1 -1
1488 -1 -1
1490 -1 -1
1494 -1 -1
1495 -1 -1
1496 -1 -1
1497 -1 -1
1498 -1 -1
15 -1 -1
1500 -1 -1
1501 -1 -1
1503 -1 -1
1506 -1 -1
1510 -1 -1
1511 -1 -1
1512 -1 -1
1515 -1 -1
1519 -1 -1
1520 -1 -1
1521 -1 -1
1522 -1 -1
1524 -1 -1
1525 -1 -1
1529 -1 -1
1530 -1 -1
1531 -1 -1
1532 -1 -1
1533 -1 -1
1534 -1 -1
1539 -1 -1
1540 -1 -1
1544 -1 -1
1545 -1 -1
1546 -1 -1
1548 -1 -1
1549 -1 -1
155 -1 -1
1550 -1 -1
1552 -1 -1
1555 -1 -1
1557 -1 -1
1558 -1 -1
1560 -1 -1
1562 -1 -1
1563 -1 -1
1565 -1 -1
1568 -1 -1
157 -1 -1
1571 -1 -1
1572 -1 -1
1574 -1 -1
1578 -1 -1
1580 -1 -1
1582 -1 -1
1583 -1 -1
1584 -1 -1
1585 -1 -1
1589 -1 -1
159 -1 -1
1590 -1 -1
1591 -1 -1
1593 -1 -1
1594 -1 -1
1596 -1 -1
16 -1 -1
160 -1 -1
1600 -1 -1
1603 -1 -1
1604 -1 -1
1609 -1 -1
1610 -1 -1
1612 -1 -1
1613 -1 -1
1614 -1 -1
1617 -1 -1
1618 -1 -1
1619 -1 -1
1620 -1 -1
1624 -1 -1
1626 -1 -1
1627 -1 -1
1628 -1 -1
1629 -1 -1
1630 -1 -1
1631 -1 -1
1634 -1 -1
1635 -1 -1
1636 -1 -1
1637 -1 -1
164 -1 -1
1641 -1 -1
1642 -1 -1
1646 -1 -1
1650 -1 -1
1651 -1 -1
1652 -1 -1
1655 -1 -1
1658 -1 -1
1659 -1 -1
166 -1 -1
1661 -1 -1
1663 -1 -1
1666 -1 -1
1667 -1 -1
1668 -1 -1
1670 -1 -1
1671 -1 -1
1672 -1 -1
1673 -1 -1
1674 -1 -1
1675 -1 -1
1676 -1 -1
1677 -1 -1
1678 -1 -1
1679 -1 -1
168 -1 -1
1681 -1 -1
1683 -1 -1
1684 -1 -1
1685 -1 -1
1687 -1 -1
1688 -1 -1
1692 -1 -1
1694 -1 -1
1698 -1 -1
1702 -1 -1
1703 -1 -1
1706 -1 -1
1707 -1 -1
1708 -1 -1
1709 -1 -1
1710 -1 -1
1711 -1 -1
1714 -1 -1
1715 -1 -1
1717 -1 -1
172 -1 -1
1723 -1 -1
1724 -1 -1
1728 -1 -1
1729 -1 -1
173 -1 -1
1730 -1 -1
1732 -1 -1
1733 -1 -1
1734 -1 -1
1735 -1 -1
1736 -1 -1
174 -1 -1
1741 -1 -1
1743 -1 -1
1744 -1 -1
1746 -1 -1
1750 -1 -1
1751 -1 -1
1752 -1 -1
1753 -1 -1
1756 -1 -1
1758 -1 -1
1759 -1 -1
176 -1 -1
1760 -1 -1
1761 -1 -1
1762 -1 -1
1764 -1 -1
1766 -1 -1
1767 -1 -1
1768 -1 -1
1769 -1 -1
177 -1 -1
1771 -1 -1
1772 -1 -1
1774 -1 -1
1775 -1 -1
1778 -1 -1
1779 -1 -1
178 -1 -1
1780 -1 -1
1781 -1 -1
1782 -1 -1
1783 -1 -1
1785 -1 -1
1787 -1 -1
179 -1 -1
1790 -1 -1
1795 -1 -1
1796 -1 -1
1799 -1 -1
1802 -1 -1
1803 -1 -1
1804 -1 -1
1807 -1 -1
181 -1 -1
1811 -1 -1
1812 -1 -1
1814 -1 -1
1819 -1 -1
1820 -1 -1
1821 -1 -1
1822 -1 -1
1823 -1 -1
1826 -1 -1
1827 -1 -1
1829 -1 -1
183 -1 -1
1830 -1 -1
1831 -1 -1
1833 -1 -1
1834 -1 -1
1836 -1 -1
1837 -1 -1
1838 -1 -1
1840 -1 -1
1842 -1 -1
1844 -1 -1
1847 -1 -1
1848 -1 -1
1849 -1 -1
185 -1 -1
1851 -1 -1
1852 -1 -1
1854 -1 -1
1859 -1 -1
1862 -1 -1
1864 -1 -1
1868 -1 -1
1869 -1 -1
1870 -1 -1
1872 -1 -1
1873 -1 -1
1874 -1 -1
1875 -1 -1
1876 -1 -1
1877 -1 -1
1878 -1 -1
1879 -1 -1
188 -1 -1
1880 -1 -1
1881 -1 -1
1883 -1 -1
1884 -1 -1
1886 -1 -1
1887 -1 -1
1888 -1 -1
1889 -1 -1
189 -1 -1
1890 -1 -1
1892 -1 -1
1893 -1 -1
1895 -1 -1
1898 -1 -1
1899 -1 -1
19 -1 -1
190 -1 -1
1902 -1 -1
1903 -1 -1
1904 -1 -1
1905 -1 -1
1908 -1 -1
1909 -1 -1
1911 -1 -1
1913 -1 -1
1914 -1 -1
1919 -1 -1
192 -1 -1
1922 -1 -1
1923 -1 -1
1926 -1 -1
1927 -1 -1
1928 -1 -1
1930 -1 -1
1934 -1 -1
1936 -1 -1
1938 -1 -1
1939 -1 -1
1940 -1 -1
1942 -1 -1
1943 -1 -1
1944 -1 -1
1947 -1 -1
1952 -1 -1
1954 -1 -1
1955 -1 -1
1956 -1 -1
1957 -1 -1
1959 -1 -1
196 -1 -1
1960 -1 -1
1964 -1 -1
1966 -1 -1
1967 -1 -1
1968 -1 -1
197 -1 -1
1970 -1 -1
1971 -1 -1
1973 -1 -1
1977 -1 -1
1979 -1 -1
1981 -1 -1
1982 -1 -1
1983 -1 -1
1984 -1 -1
1988 -1 -1
199 -1 -1
1990 -1 -1
1991 -1 -1
1993 -1 -1
1994 -1 -1
1995 -1 -1
1996 -1 -1
1997 -1 -1
2 -1 -1
20 -1 -1
200 -1 -1
2000 -1 -1
2001 -1 -1
2002 -1 -1
2003 -1 -1
2004 -1 -1
2006 -1 -1
2007 -1 -1
2009 -1 -1
201 -1 -1
2011 -1 -1
2012 -1 -1
2013 -1 -1
2014 -1 -1
2016 -1 -1
2017 -1 -1
2018 -1 -1
2020 -1 -1
2021 -1 -1
2022 -1 -1
2024 -1 -1
2027 -1 -1
2028 -1 -1
2029 -1 -1
2031 -1 -1
2036 -1 -1
2037 -1 -1
2039 -1 -1
2040 -1 -1
2041 -1 -1
2045 -1 -1
2047 -1 -1
2048 -1 -1
2051 -1 -1
2053 -1 -1
2055 -1 -1
2057 -1 -1
2062 -1 -1
2063 -1 -1
2065 -1 -1
2067 -1 -1
207 -1 -1
2070 -1 -1
2071 -1 -1
2073 -1 -1
2074 -1 -1
2075 -1 -1
2076 -1 -1
2077 -1 -1
2078 -1 -1
2080 -1 -1
2087 -1 -1
209 -1 -1
2090 -1 -1
2091 -1 -1
2093 -1 -1
2094 -1 -1
2096 -1 -1
2097 -1 -1
2099 -1 -1
21 -1 -1
2101 -1 -1
2107 -1 -1
2109 -1 -1
2110 -1 -1
2111 -1 -1
2112 -1 -1
2113 -1 -1
2115 -1 -1
2116 -1 -1
2117 -1 -1
2119 -1 -1
2120 -1 -1
2121 -1 -1
2122 -1 -1
2123 -1 -1
2124 -1 -1
2125 -1 -1
2127 -1 -1
213 -1 -1
2130 -1 -1
2131 -1 -1
2134 -1 -1
2135 -1 -1
2136 -1 -1
2137 -1 -1
2138 -1 -1
214 -1 -1
2144 -1 -1
2145 -1 -1
2148 -1 -1
2149 -1 -1
215 -1 -1
2150 -1 -1
2152 -1 -1
2153 -1 -1
2154 -1 -1
2157 -1 -1
2158 -1 -1
2159 -1 -1
216 -1 -1
2165 -1 -1
2166 -1 -1
2170 -1 -1
2171 -1 -1
2172 -1 -1
2173 -1 -1
2174 -1 -1
2177 -1 -1
2178 -1 -1
2180 -1 -1
2182 -1 -1
2183 -1 -1
2184 -1 -1
2185 -1 -1
2187 -1 -1
2189 -1 -1
2193 -1 -1
2195 -1 -1
2197 -1 -1
2198 -1 -1
2199 -1 -1
22 -1 -1
2200 -1 -1
2201 -1 -1
2205 -1 -1
2206 -1 -1
2211 -1 -1
2212 -1 -1
2213 -1 -1
2221 -1 -1
2222 -1 -1
2225 -1 -1
2229 -1 -1
223 -1 -1
2232 -1 -1
2233 -1 -1
2236 -1 -1
2237 -1 -1
2238 -1 -1
2239 -1 -1
224 -1 -1
2240 -1 -1
2241 -1 -1
2243 -1 -1
2244 -1 -1
2249 -1 -1
2250 -1 -1
2252 -1 -1
2253 -1 -1
2254 -1 -1
2255 -1 -1
2257 -1 -1
2258 -1 -1
226 -1 -1
2260 -1 -1
2261 -1 -1
2265 -1 -1
2267 -1 -1
2273 -1 -1
2275 -1 -1
2276 -1 -1
2277 -1 -1
2281 -1 -1
2282 -1 -1
2284 -1 -1
2285 -1 -1
2288 -1 -1
2289 -1 -1
2290 -1 -1
2293 -1 -1
2294 -1 -1
2297 -1 -1
2298 -1 -1
2300 -1 -1
2303 -1 -1
2304 -1 -1
2305 -1 -1
2307 -1 -1
2308 -1 -1
2309 -1 -1
231 -1 -1
2313 -1 -1
2314 -1 -1
232 -1 -1
2320 -1 -1
2321 -1 -1
2322 -1 -1
2323 -1 -1
2324 -1 -1
2329 -1 -1
233 -1 -1
2334 -1 -1
2338 -1 -1
234 -1 -1
2342 -1 -1
2345 -1 -1
2354 -1 -1
2360 -1 -1
2361 -1 -1
2363 -1 -1
2365 -1 -1
2367 -1 -1
2368 -1 -1
2369 -1 -1
2371 -1 -1
2372 -1 -1
2375 -1 -1
2377 -1 -1
2379 -1 -1
238 -1 -1
2380 -1 -1
2381 -1 -1
2383 -1 -1
2384 -1 -1
2385 -1 -1
2387 -1 -1
2388 -1 -1
239 -1 -1
2394 -1 -1
2396 -1 -1
2397 -1 -1
2398 -1 -1
2399 -1 -1
24 -1 -1
240 -1 -1
2400 -1 -1
2402 -1 -1
2403 -1 -1
2405 -1 -1
2406 -1 -1
2407 -1 -1
2408 -1 -1
241 -1 -1
2412 -1 -1
2413 -1 -1
2415 -1 -1
2419 -1 -1
2424 -1 -1
2430 -1 -1
2431 -1 -1
2433 -1 -1
2434 -1 -1
2435 -1 -1
244 -1 -1
2446 -1 -1
2447 -1 -1
2448 -1 -1
2449 -1 -1
2453 -1 -1
2454 -1 -1
2455 -1 -1
2456 -1 -1
2457 -1 -1
2458 -1 -1
246 -1 -1
2461 -1 -1
2462 -1 -1
2465 -1 -1
2466 -1 -1
2467 -1 -1
2471 -1 -1
2472 -1 -1
2473 -1 -1
2475 -1 -1
2476 -1 -1
2477 -1 -1
2478 -1 -1
2481 -1 -1
2482 -1 -1
2483 -1 -1
2486 -1 -1
2488 -1 -1
2489 -1 -1
2490 -1 -1
2492 -1 -1
2493 -1 -1
2495 -1 -1
2496 -1 -1
2498 -1 -1
2500 -1 -1
2503 -1 -1
2504 -1 -1
2505 -1 -1
2506 -1 -1
2507 -1 -1
2508 -1 -1
2509 -1 -1
2510 -1 -1
2511 -1 -1
2512 -1 -1
2513 -1 -1
2515 -1 -1
2517 -1 -1
2518 -1 -1
2519 -1 -1
252 -1 -1
2520 -1 -1
2521 -1 -1
2522 -1 -1
2525 -1 -1
2527 -1 -1
2531 -1 -1
2532 -1 -1
2533 -1 -1
2534 -1 -1
2535 -1 -1
2538 -1 -1
2540 -1 -1
2541 -1 -1
2543 -1 -1
2544 -1 -1
2547 -1 -1
2549 -1 -1
255 -1 -1
2551 -1 -1
2555 -1 -1
2556 -1 -1
2557 -1 -1
2563 -1 -1
2564 -1 -1
2566 -1 -1
2568 -1 -1
2569 -1 -1
257 -1 -1
2572 -1 -1
2573 -1 -1
2574 -1 -1
2575 -1 -1
2576 -1 -1
2578 -1 -1
258 -1 -1
2582 -1 -1
2584 -1 -1
2586 -1 -1
2587 -1 -1
2588 -1 -1
259 -1 -1
2591 -1 -1
2592 -1 -1
2596 -1 -1
2597 -1 -1
2599 -1 -1
26 -1 -1
260 -1 -1
2602 -1 -1
2605 -1 -1
2606 -1 -1
2607 -1 -1
2609 -1 -1
261 -1 -1
2611 -1 -1
2613 -1 -1
2615 -1 -1
2616 -1 -1
2617 -1 -1
2619 -1 -1
2620 -1 -1
2621 -1 -1
2622 -1 -1
2623 -1 -1
263 -1 -1
2631 -1 -1
2632 -1 -1
2633 -1 -1
2634 -1 -1
2635 -1 -1
2639 -1 -1
264 -1 -1
2644 -1 -1
2645 -1 -1
2647 -1 -1
2648 -1 -1
2649 -1 -1
265 -1 -1
2651 -1 -1
2656 -1 -1
2657 -1 -1
2658 -1 -1
2661 -1 -1
2664 -1 -1
2666 -1 -1
2667 -1 -1
2669 -1 -1
267 -1 -1
2671 -1 -1
2673 -1 -1
2674 -1 -1
2675 -1 -1
2676 -1 -1
2677 -1 -1
2678 -1 -1
2682 -1 -1
2683 -1 -1
2684 -1 -1
2685 -1 -1
269 -1 -1
2691 -1 -1
2692 -1 -1
2695 -1 -1
2696 -1 -1
2698 -1 -1
2699 -1 -1
270 -1 -1
2703 -1 -1
2704 -1 -1
2706 -1 -1
2708 -1 -1
2709 -1 -1
2710 -1 -1
2711 -1 -1
2713 -1 -1
2714 -1 -1
2719 -1 -1
2721 -1 -1
2729 -1 -1
273 -1 -1
2731 -1 -1
2732 -1 -1
2733 -1 -1
2734 -1 -1
2735 -1 -1
2736 -1 -1
2738 -1 -1
274 -1 -1
2740 -1 -1
2742 -1 -1
2744 -1 -1
2746 -1 -1
2747 -1 -1
2748 -1 -1
275 -1 -1
2752 -1 -1
2754 -1 -1
2756 -1 -1
2759 -1 -1
276 -1 -1
2760 -1 -1
2763 -1 -1
2766 -1 -1
2767 -1 -1
2768 -1 -1
2771 -1 -1
2772 -1 -1
2774 -1 -1
2775 -1 -1
2778 -1 -1
2779 -1 -1
2780 -1 -1
2781 -1 -1
2783 -1 -1
2784 -1 -1
2786 -1 -1
2787 -1 -1
2788 -1 -1
279 -1 -1
2792 -1 -1
2798 -1 -1
280 -1 -1
2800 -1 -1
2803 -1 -1
2804 -1 -1
2805 -1 -1
2807 -1 -1
2809 -1 -1
281 -1 -1
2810 -1 -1
2811 -1 -1
2813 -1 -1
2814 -1 -1
2816 -1 -1
2820 -1 -1
2821 -1 -1
2822 -1 -1
2824 -1 -1
2825 -1 -1
2827 -1 -1
283 -1 -1
2830 -1 -1
2833 -1 -1
2834 -1 -1
2835 -1 -1
2837 -1 -1
2838 -1 -1
284 -1 -1
2840 -1 -1
2843 -1 -1
2844 -1 -1
2845 -1 -1
2847 -1 -1
2848 -1 -1
2849 -1 -1
2851 -1 -1
2852 -1 -1
2853 -1 -1
2855 -1 -1
2857 -1 -1
2858 -1 -1
2859 -1 -1
2860 -1 -1
2862 -1 -1
2866 -1 -1
2867 -1 -1
2869 -1 -1
287 -1 -1
2870 -1 -1
2878 -1 -1
2882 -1 -1
2883 -1 -1
2884 -1 -1
2887 -1 -1
289 -1 -1
2891 -1 -1
2892 -1 -1
2893 -1 -1
2894 -1 -1
2898 -1 -1
2899 -1 -1
2902 -1 -1
2903 -1 -1
2905 -1 -1
2906 -1 -1
2912 -1 -1
2913 -1 -1
2915 -1 -1
2918 -1 -1
2919 -1 -1
292 -1 -1
2923 -1 -1
2924 -1 -1
2926 -1 -1
2928 -1 -1
2930 -1 -1
2931 -1 -1
2933 -1 -1
2934 -1 -1
2939 -1 -1
2940 -1 -1
2941 -1 -1
2942 -1 -1
2947 -1 -1
295 -1 -1
2950 -1 -1
2952 -1 -1
2953 -1 -1
2955 -1 -1
2958 -1 -1
2960 -1 -1
2961 -1 -1
2962 -1 -1
2963 -1 -1
2966 -1 -1
2969 -1 -1
297 -1 -1
2971 -1 -1
2972 -1 -1
2974 -1 -1
2975 -1 -1
2976 -1 -1
2977 -1 -1
2978 -1 -1
298 -1 -1
2980 -1 -1
2981 -1 -1
2982 -1 -1
2984 -1 -1
2986 -1 -1
2988 -1 -1
2990 -1 -1
2991 -1 -1
2992 -1 -1
2994 -1 -1
2995 -1 -1
2997 -1 -1
2998 -1 -1
3 -1 -1
30 -1 -1
3002 -1 -1
3010 -1 -1
3011 -1 -1
3014 -1 -1
3017 -1 -1
3019 -1 -1
3021 -1 -1
3024 -1 -1
3025 -1 -1
3027 -1 -1
303 -1 -1
3031 -1 -1
3034 -1 -1
3035 -1 -1
3039 -1 -1
304 -1 -1
3041 -1 -1
3045 -1 -1
305 -1 -1
3050 -1 -1
3052 -1 -1
3053 -1 -1
3055 -1 -1
3059 -1 -1
3060 -1 -1
3061 -1 -1
3062 -1 -1
3063 -1 -1
3065 -1 -1
3069 -1 -1
3071 -1 -1
3073 -1 -1
3074 -1 -1
3075 -1 -1
3076 -1 -1
3077 -1 -1
3078 -1 -1
3079 -1 -1
308 -1 -1
3082 -1 -1
3083 -1 -1
3086 -1 -1
3089 -1 -1
309 -1 -1
3090 -1 -1
3091 -1 -1
3094 -1 -1
3097 -1 -1
3098 -1 -1
3099 -1 -1
31 -1 -1
310 -1 -1
3100 -1 -1
3101 -1 -1
3102 -1 -1
3104 -1 -1
3106 -1 -1
3107 -1 -1
3108 -1 -1
3109 -1 -1
311 -1 -1
3111 -1 -1
3113 -1 -1
3114 -1 -1
3115 -1 -1
3116 -1 -1
3117 -1 -1
3118 -1 -1
3122 -1 -1
3123 -1 -1
3125 -1 -1
3126 -1 -1
3127 -1 -1
3128 -1 -1
3129 -1 -1
313 -1 -1
3130 -1 -1
3132 -1 -1
3135 -1 -1
3137 -1 -1
3139 -1 -1
314 -1 -1
3140 -1 -1
3141 -1 -1
3142 -1 -1
3144 -1 -1
3146 -1 -1
3147 -1 -1
315 -1 -1
3151 -1 -1
3152 -1 -1
3153 -1 -1
3156 -1 -1
3158 -1 -1
316 -1 -1
3160 -1 -1
3161 -1 -1
3166 -1 -1
3167 -1 -1
3169 -1 -1
317 -1 -1
3171 -1 -1
3172 -1 -1
3174 -1 -1
3175 -1 -1
3179 -1 -1
3182 -1 -1
3185 -1 -1
3187 -1 -1
3189 -1 -1
3190 -1 -1
3192 -1 -1
3193 -1 -1
3196 -1 -1
3197 -1 -1
3198 -1 -1
3199 -1 -1
32 -1 -1
320 -1 -1
3201 -1 -1
3202 -1 -1
3203 -1 -1
3205 -1 -1
3207 -1 -1
3209 -1 -1
321 -1 -1
3210 -1 -1
3212 -1 -1
3216 -1 -1
3217 -1 -1
3218 -1 -1
3219 -1 -1
322 -1 -1
3220 -1 -1
3221 -1 -1
3224 -1 -1
3225 -1 -1
3227 -1 -1
323 -1 -1
3233 -1 -1
3234 -1 -1
3236 -1 -1
3237 -1 -1
3238 -1 -1
3239 -1 -1
3241 -1 -1
3243 -1 -1
3244 -1 -1
3245 -1 -1
3247 -1 -1
3250 -1 -1
3253 -1 -1
3259 -1 -1
326 -1 -1
3261 -1 -1
3263 -1 -1
3264 -1 -1
3265 -1 -1
3267 -1 -1
3268 -1 -1
3269 -1 -1
327 -1 -1
3271 -1 -1
3273 -1 -1
3274 -1 -1
3275 -1 -1
3277 -1 -1
3278 -1 -1
3279 -1 -1
328 -1 -1
3282 -1 -1
3283 -1 -1
3287 -1 -1
3289 -1 -1
3291 -1 -1
3294 -1 -1
3296 -1 -1
3297 -1 -1
3299 -1 -1
33 -1 -1
330 -1 -1
3302 -1 -1
3304 -1 -1
3305 -1 -1
3310 -1 -1
3311 -1 -1
3312 -1 -1
3313 -1 -1
3315 -1 -1
3317 -1 -1
332 -1 -1
3322 -1 -1
3323 -1 -1
3324 -1 -1
3325 -1 -1
3328 -1 -1
3330 -1 -1
3331 -1 -1
3332 -1 -1
336 -1 -1
337 -1 -1
338 -1 -1
34 -1 -1
340 -1 -1
342 -1 -1
346 -1 -1
352 -1 -1
353 -1 -1
354 -1 -1
355 -1 -1
357 -1 -1
358 -1 -1
359 -1 -1
36 -1 -1
360 -1 -1
363 -1 -1
367 -1 -1
368 -1 -1
369 -1 -1
370 -1 -1
371 -1 -1
373 -1 -1
374 -1 -1
376 -1 -1
377 -1 -1
378 -1 -1
379 -1 -1
38 -1 -1
381 -1 -1
382 -1 -1
383 -1 -1
385 -1 -1
386 -1 -1
387 -1 -1
39 -1 -1
390 -1 -1
395 -1 -1
398 -1 -1
399 -1 -1
4 -1 -1
40 -1 -1
400 -1 -1
402 -1 -1
404 -1 -1
405 -1 -1
409 -1 -1
411 -1 -1
416 -1 -1
418 -1 -1
421 -1 -1
424 -1 -1
425 -1 -1
426 -1 -1
43 -1 -1
430 -1 -1
431 -1 -1
433 -1 -1
434 -1 -1
435 -1 -1
436 -1 -1
437 -1 -1
439 -1 -1
44 -1 -1
440 -1 -1
445 -1 -1
446 -1 -1
449 -1 -1
45 -1 -1
452 -1 -1
454 -1 -1
456 -1 -1
457 -1 -1
46 -1 -1
460 -1 -1
464 -1 -1
465 -1 -1
466 -1 -1
468 -1 -1
47 -1 -1
471 -1 -1
472 -1 -1
475 -1 -1
478 -1 -1
48 -1 -1
483 -1 -1
484 -1 -1
486 -1 -1
489 -1 -1
49 -1 -1
490 -1 -1
491 -1 -1
493 -1 -1
494 -1 -1
495 -1 -1
496 -1 -1
497 -1 -1
499 -1 -1
5 -1 -1
500 -1 -1
503 -1 -1
505 -1 -1
511 -1 -1
512 -1 -1
513 -1 -1
514 -1 -1
515 -1 -1
519 -1 -1
52 -1 -1
520 -1 -1
521 -1 -1
522 -1 -1
523 -1 -1
524 -1 -1
526 -1 -1
527 -1 -1
528 -1 -1
530 -1 -1
534 -1 -1
535 -1 -1
538 -1 -1
539 -1 -1
541 -1 -1
544 -1 -1
55 -1 -1
551 -1 -1
555 -1 -1
556 -1 -1
557 -1 -1
56 -1 -1
563 -1 -1
565 -1 -1
567 -1 -1
569 -1 -1
57 -1 -1
570 -1 -1
571 -1 -1
572 -1 -1
573 -1 -1
575 -1 -1
576 -1 -1
58 -1 -1
580 -1 -1
581 -1 -1
582 -1 -1
583 -1 -1
584 -1 -1
586 -1 -1
587 -1 -1
588 -1 -1
589 -1 -1
59 -1 -1
591 -1 -1
593 -1 -1
594 -1 -1
595 -1 -1
596 -1 -1
598 -1 -1
599 -1 -1
6 -1 -1
600 -1 -1
601 -1 -1
602 -1 -1
605 -1 -1
606 -1 -1
608 -1 -1
609 -1 -1
61 -1 -1
610 -1 -1
611 -1 -1
614 -1 -1
619 -1 -1
620 -1 -1
621 -1 -1
622 -1 -1
623 -1 -1
625 -1 -1
627 -1 -1
629 -1 -1
630 -1 -1
631 -1 -1
632 -1 -1
636 -1 -1
640 -1 -1
641 -1 -1
643 -1 -1
645 -1 -1
646 -1 -1
648 -1 -1
65 -1 -1
651 -1 -1
652 -1 -1
653 -1 -1
654 -1 -1
658 -1 -1
660 -1 -1
661 -1 -1
662 -1 -1
663 -1 -1
664 -1 -1
665 -1 -1
668 -1 -1
669 -1 -1
671 -1 -1
672 -1 -1
674 -1 -1
675 -1 -1
681 -1 -1
682 -1 -1
683 -1 -1
684 -1 -1
687 -1 -1
688 -1 -1
689 -1 -1
69 -1 -1
691 -1 -1
692 -1 -1
693 -1 -1
694 -1 -1
696 -1 -1
7 -1 -1
70 -1 -1
703 -1 -1
705 -1 -1
706 -1 -1
708 -1 -1
71 -1 -1
710 -1 -1
711 -1 -1
712 -1 -1
713 -1 -1
714 -1 -1
715 -1 -1
718 -1 -1
72 -1 -1
721 -1 -1
722 -1 -1
724 -1 -1
726 -1 -1
727 -1 -1
729 -1 -1
73 -1 -1
730 -1 -1
733 -1 -1
735 -1 -1
739 -1 -1
74 -1 -1
741 -1 -1
743 -1 -1
744 -1 -1
746 -1 -1
75 -1 -1
751 -1 -1
752 -1 -1
753 -1 -1
754 -1 -1
755 -1 -1
758 -1 -1
759 -1 -1
76 -1 -1
760 -1 -1
761 -1 -1
762 -1 -1
765 -1 -1
766 -1 -1
767 -1 -1
769 -1 -1
770 -1 -1
774 -1 -1
775 -1 -1
776 -1 -1
778 -1 -1
780 -1 -1
784 -1 -1
785 -1 -1
786 -1 -1
787 -1 -1
789 -1 -1
79 -1 -1
791 -1 -1
794 -1 -1
795 -1 -1
796 -1 -1
8 -1 -1
801 -1 -1
802 -1 -1
803 -1 -1
805 -1 -1
807 -1 -1
808 -1 -1
81 -1 -1
812 -1 -1
813 -1 -1
814 -1 -1
815 -1 -1
818 -1 -1
820 -1 -1
821 -1 -1
823 -1 -1
825 -1 -1
826 -1 -1
829 -1 -1
832 -1 -1
834 -1 -1
835 -1 -1
836 -1 -1
837 -1 -1
838 -1 -1
841 -1 -1
842 -1 -1
843 -1 -1
844 -1 -1
848 -1 -1
849 -1 -1
853 -1 -1
856 -1 -1
857 -1 -1
858 -1 -1
860 -1 -1
863 -1 -1
864 -1 -1
866 -1 -1
869 -1 -1
870 -1 -1
871 -1 -1
872 -1 -1
874 -1 -1
875 -1 -1
876 -1 -1
878 -1 -1
879 -1 -1
88 -1 -1
880 -1 -1
882 -1 -1
884 -1 -1
885 -1 -1
888 -1 -1
889 -1 -1
891 -1 -1
893 -1 -1
895 -1 -1
898 -1 -1
899 -1 -1
90 -1 -1
900 -1 -1
902 -1 -1
904 -1 -1
906 -1 -1
907 -1 -1
909 -1 -1
91 -1 -1
915 -1 -1
916 -1 -1
917 -1 -1
918 -1 -1
919 -1 -1
92 -1 -1
920 -1 -1
925 -1 -1
927 -1 -1
930 -1 -1
932 -1 -1
936 -1 -1
938 -1 -1
939 -1 -1
942 -1 -1
943 -1 -1
947 -1 -1
948 -1 -1
949 -1 -1
95 -1 -1
952 -1 -1
954 -1 -1
959 -1 -1
96 -1 -1
960 -1 -1
961 -1 -1
962 -1 -1
963 -1 -1
964 -1 -1
966 -1 -1
967 -1 -1
968 -1 -1
969 -1 -1
97 -1 -1
971 -1 -1
975 -1 -1
978 -1 -1
981 -1 -1
982 -1 -1
983 -1 -1
984 -1 -1
985 -1 -1
986 -1 -1
987 -1 -1
988 -1 -1
99 -1 -1
990 -1 -1
992 -1 -1
994 -1 -1
996 -1 -1
999 -1 -1
