0 28514902 0.013256
1 37100786 0.020971
10 37195389 0.022651
100 26837982 0.015219
1000 35209109 0.022376
1001 31887620 0.019015
1002 31878809 0.015127
1003 35365415 0.020009
1004 28501860 0.01462
1005 33994847 0.019918
1006 32965440 0.015736
1007 25848375 0.013567
1008 36917373 0.023153
1009 36450545 0.01538
101 32876225 0.017223
1010 29998750 0.013363
1011 38246116 0.022653
1012 36968142 0.021416
1013 29514445 0.013842
1014 25757958 0.011292
1015 28053029 0.010219
1016 36413722 0.020995
1017 37667446 0.01798
1018 33153325 0.011429
1019 37109999 0.013535
102 37410218 0.011114
1020 35730302 0.017449
1021 37416196 0.023411
1022 32091954 0.012625
1023 35109682 0.013593
1024 26888061 0.007903
1025 26650289 0.005293
1026 38897656 0.010633
1027 29289327 0.013124
1028 26927771 0.010575
1029 32612191 0.013665
103 37865998 0.022456
1030 34799260 0.02071
1031 31051668 0.014483
1032 27354962 0.010228
1033 34764705 0.020074
1034 26635035 0.014
1035 27964956 0.012616
1036 34435490 0.013714
1037 31925863 0.010173
1038 33356705 0.012161
1039 38764606 0.014181
104 23256579 0.012336
1040 36923222 0.01988
1041 31575631 0.012293
1042 34619570 0.01256
1043 26283388 0.006577
1044 30843622 0.008501
1045 31152483 0.006855
1046 32556014 0.008416
1047 36728816 0.009827
1048 35800707 0.009085
1049 33038811 0.007341
105 26480700 0.005177
1050 33647451 0.020851
1051 35861492 0.016045
1052 29755197 0.008983
1053 27509216 0.008676
1054 32418534 0.009702
1055 29434614 0.006692
1056 34121076 0.01279
1057 33494526 0.011168
1058 36364263 0.012489
1059 35717394 0.021845
106 30003212 0.015223
1060 36394925 0.019218
1061 34485906 0.012628
1062 27331222 0.008362
1063 38722863 0.013756
1064 25885818 0.006676
1065 27795183 0.006982
1066 27182532 0.005994
1067 28652330 0.005552
1068 34400802 0.00864
1069 33233450 0.007655
107 34646146 0.008261
1070 35683287 0.009248
1071 33788578 0.008169
1072 35625887 0.008996
1073 30208581 0.00986
1074 27058971 0.007151
1075 30417696 0.011573
1076 26322245 0.006843
1077 33524458 0.012235
1078 26751657 0.005019
1079 31136925 0.016249
108 39157571 0.018229
1080 26367678 0.008509
1081 37283911 0.014892
1082 37978924 0.013149
1083 38006144 0.012102
1084 26927390 0.004681
1085 30464450 0.006702
1086 26837554 0.00514
1087 31125532 0.006662
1088 32312585 0.007179
1089 34386079 0.008247
109 33971739 0.008786
1090 29344834 0.005778
1091 29411409 0.005545
1092 31849142 0.017812
1093 38848620 0.019793
1094 33059510 0.011325
1095 32117696 0.007941
1096 28381947 0.007186
1097 30119647 0.0083
1098 36629191 0.010037
1099 34078954 0.018344
11 37430007 0.021224
110 33264635 0.019274
1100 26812670 0.009831
1101 35456565 0.020263
1102 26819142 0.01236
1103 34635782 0.021674
1104 34401527 0.014932
1105 31941854 0.012374
1106 31714639 0.019084
1107 37509519 0.019174
1108 29123083 0.01
1109 34258639 0.011327
111 28415271 0.007312
1110 37182335 0.01172
1111 28647604 0.006572
1112 31720761 0.012739
1113 37838371 0.01612
1114 37057039 0.018827
1115 37220030 0.017249
1116 31161692 0.010432
1117 36014743 0.01397
1118 35905926 0.021721
1119 38554654 0.021721
112 27216676 0.013084
1120 36027435 0.019364
1121 28666967 0.009872
1122 30206897 0.009814
1123 32093631 0.018119
1124 38955308 0.02272
1125 31962202 0.013351
1126 33779895 0.01441
1127 31837646 0.011092
1128 19559079 0.007121
1129 31763722 0.00799
113 28863862 0.005945
1130 30839364 0.006935
1131 29241389 0.006585
1132 31289422 0.006868
1133 33243258 0.007177
1134 28054136 0.005895
1135 34995838 0.007772
1136 34059985 0.00816
1137 33442875 0.009259
1138 28745290 0.005852
1139 33866486 0.007849
114 37091225 0.010252
1140 29510100 0.00596
1141 34224340 0.00783
1142 36832413 0.010221
1143 39207000 0.01149
1144 26690232 0.005662
1145 36559240 0.010278
1146 35525536 0.009397
1147 33100129 0.006963
1148 30913023 0.007248
1149 32176360 0.007225
115 30537890 0.006206
1150 31607472 0.006439
1151 29790687 0.005726
1152 25294178 0.004817
1153 33353758 0.007618
1154 36026031 0.009742
1155 32695444 0.008333
1156 29747350 0.005149
1157 38776910 0.009796
1158 26925651 0.004649
1159 32026655 0.006921
116 28354582 0.006123
1160 30134635 0.0052
1161 38553134 0.010235
1162 33719483 0.00803
1163 28628665 0.004751
1164 30817128 0.006638
1165 37024873 0.01023
1166 37063149 0.009627
1167 31934172 0.006794
1168 35372704 0.008422
1169 27518270 0.004551
117 29491320 0.005865
1170 31321284 0.007074
1171 34889948 0.0085
1172 37241369 0.010219
1173 29292668 0.006067
1174 27708419 0.004626
1175 29751945 0.006616
1176 33137211 0.007251
1177 35748936 0.007898
1178 29581069 0.00951
1179 38710055 0.010144
118 35630324 0.009594
1180 35444476 0.014552
1181 27124114 0.013377
1182 38067315 0.020041
1183 32165959 0.017634
1184 27527465 0.013578
1185 31328643 0.012845
1186 28524104 0.009593
1187 31008412 0.009799
1188 34460266 0.01243
1189 31265765 0.008883
119 30890773 0.009318
1190 27032042 0.006085
1191 35366124 0.01134
1192 34272329 0.010255
1193 32196665 0.007143
1194 33744316 0.017603
1195 30711165 0.013978
1196 35048624 0.015129
1197 28464028 0.008795
1198 26749264 0.012571
1199 27914061 0.01361
12 31295702 0.01284
120 37883410 0.018521
1200 29146189 0.016063
1201 32163773 0.01844
1202 38020468 0.023125
1203 31762292 0.017486
1204 36573812 0.022833
1205 35047078 0.021565
1206 36634429 0.021776
1207 34467472 0.020178
1208 32387793 0.013422
1209 34944379 0.013332
121 27649582 0.008681
1210 40033039 0.020944
1211 34056870 0.015854
1212 28166512 0.013883
1213 30495419 0.014687
1214 35501188 0.018774
1215 34009451 0.021085
1216 32178690 0.016723
1217 34792040 0.020292
1218 35608537 0.017262
1219 28829404 0.014041
122 35314827 0.018654
1220 32249479 0.017377
1221 29299449 0.013572
1222 30827575 0.015824
1223 30322263 0.012852
1224 36136840 0.0218
1225 28345374 0.013398
1226 35145292 0.022299
1227 28064536 0.009871
1228 35033856 0.016208
1229 38078871 0.015334
123 27060827 0.014069
1230 28033327 0.011897
1231 28148635 0.01414
1232 33404480 0.015738
1233 31230435 0.016193
1234 34467919 0.021011
1235 35626401 0.022363
1236 35912342 0.017758
1237 33971494 0.02056
1238 32410257 0.016538
1239 38362463 0.019859
124 27457789 0.012808
1240 31635292 0.013327
1241 32386549 0.017051
1242 35524297 0.016624
1243 33369125 0.01769
1244 32307779 0.013128
1245 27914783 0.008442
1246 28241739 0.007521
1247 31523495 0.00958
1248 32413583 0.010319
1249 34965511 0.011183
125 36278957 0.011467
1250 29914922 0.016151
1251 34477506 0.01439
1252 31104588 0.011933
1253 28968723 0.007822
1254 37165088 0.013058
1255 35668080 0.010137
1256 32105563 0.008929
1257 26359921 0.005315
1258 36620213 0.010867
1259 33453157 0.00879
126 31781913 0.007102
1260 32072920 0.007196
1261 30752199 0.007269
1262 32681100 0.007772
1263 33990614 0.007387
1264 34004907 0.007265
1265 31607929 0.006868
1266 34826307 0.007861
1267 33561367 0.007752
1268 33841666 0.007265
1269 28987269 0.006037
127 36677980 0.00853
1270 29665149 0.006422
1271 38861603 0.016742
1272 38938715 0.013171
1273 27668540 0.006748
1274 33063448 0.023725
1275 32764512 0.01802
1276 34772600 0.021156
1277 33461444 0.013026
1278 38174145 0.015769
1279 36528271 0.022924
128 30530140 0.017943
1280 35421873 0.021871
1281 34556720 0.019803
1282 37555798 0.021336
1283 31983947 0.013702
1284 33741600 0.01271
1285 36206485 0.014275
1286 25363220 0.012488
1287 30882969 0.014362
1288 30324670 0.018341
1289 34913300 0.016784
129 27869040 0.014018
1290 25797996 0.010157
1291 36132091 0.020123
1292 35733497 0.02059
1293 25940556 0.009456
1294 33328106 0.014826
1295 35405905 0.02238
1296 32294611 0.017656
1297 28478151 0.011077
1298 34813425 0.016663
1299 28188260 0.013003
13 34505670 0.01749
130 29845093 0.014733
1300 35042641 0.018237
1301 31294769 0.012927
1302 29610706 0.011138
1303 27866003 0.00894
1304 27419571 0.006457
1305 36201670 0.012543
1306 33981519 0.008186
1307 35108338 0.020131
1308 32412203 0.011347
1309 37260112 0.014971
131 36361918 0.023069
1310 30748817 0.016859
1311 37581989 0.02275
1312 38192960 0.022295
1313 39350674 0.024042
1314 30923693 0.015067
1315 27957760 0.01274
1316 33130358 0.021716
1317 34790923 0.016834
1318 31461187 0.012244
1319 28928926 0.006884
132 26099055 0.013247
1320 28637304 0.012522
1321 36417788 0.016858
1322 35944548 0.014685
1323 33569954 0.01119
1324 34169074 0.01074
1325 29533957 0.006475
1326 36341662 0.010042
1327 37178549 0.010907
1328 28880491 0.005799
1329 28390071 0.005896
133 28960745 0.011061
1330 31548024 0.010712
1331 33123358 0.01211
1332 35884507 0.01101
1333 37852625 0.022311
1334 26307701 0.012751
1335 34966910 0.01864
1336 27892803 0.010751
1337 37804713 0.015753
1338 36168537 0.015044
1339 28337477 0.012559
134 33057493 0.016918
1340 34493152 0.01486
1341 36845015 0.013985
1342 37507888 0.022554
1343 36934139 0.022026
1344 31962003 0.017983
1345 37457106 0.02394
1346 35770888 0.02224
1347 27504497 0.0142
1348 34232702 0.020532
1349 37159809 0.018431
135 35467833 0.020611
1350 35758385 0.018557
1351 28181004 0.009564
1352 34624668 0.012651
1353 30075790 0.014929
1354 30061740 0.01135
1355 29051885 0.010238
1356 35952672 0.013803
1357 33224715 0.01083
1358 36265867 0.012173
1359 26193433 0.011802
136 27070664 0.008509
1360 34470861 0.013221
1361 30181579 0.009136
1362 26773866 0.007632
1363 37721820 0.020659
1364 34348697 0.01348
1365 27018372 0.015944
1366 33264530 0.017457
1367 32393345 0.019624
1368 31339483 0.012003
1369 34412538 0.014871
137 39200348 0.023459
1370 33065223 0.01803
1371 34437823 0.015131
1372 27880912 0.01442
1373 30556234 0.016693
1374 32452772 0.018858
1375 29756364 0.014342
1376 28865637 0.012061
1377 30294677 0.012719
1378 32449959 0.017639
1379 26084051 0.012189
138 37268511 0.022611
1380 32344952 0.014787
1381 30103521 0.017208
1382 37492200 0.020037
1383 36076694 0.022615
1384 27980699 0.011273
1385 32185799 0.012495
1386 37059359 0.015071
1387 28764886 0.008291
1388 28984161 0.007554
1389 34828413 0.02133
139 33657949 0.014857
1390 28208394 0.013569
1391 38044689 0.019039
1392 28455753 0.013458
1393 25704613 0.011858
1394 25583837 0.010434
1395 36423609 0.017631
1396 36864177 0.015035
1397 36389393 0.013161
1398 36024834 0.012138
1399 27482087 0.005808
14 32898083 0.008189
140 37630184 0.010499
1400 30650056 0.007132
1401 34520488 0.008497
1402 34406009 0.00828
1403 31647720 0.007764
1404 34671135 0.008218
1405 32470678 0.00653
1406 27682099 0.005476
1407 34106514 0.008237
1408 35486317 0.009184
1409 26580529 0.004854
141 29548168 0.005609
1410 34518729 0.008953
1411 30619315 0.006338
1412 28538068 0.004677
1413 27954627 0.004904
1414 31923410 0.006758
1415 35010295 0.008835
1416 28686914 0.010201
1417 29727511 0.008975
1418 36228097 0.023916
1419 33922585 0.020502
142 34240287 0.019453
1420 37438259 0.016179
1421 29003611 0.008601
1422 27569400 0.008309
1423 26972747 0.00688
1424 26777856 0.007178
1425 32622863 0.009464
1426 33378644 0.009733
1427 28862933 0.00544
1428 33969387 0.012513
1429 38146377 0.022461
143 35848211 0.015934
1430 28590224 0.015619
1431 29675936 0.012926
1432 33359199 0.020168
1433 34059059 0.019128
1434 36436076 0.023455
1435 29101863 0.013989
1436 32393800 0.018143
1437 34605496 0.017957
1438 31473489 0.016425
1439 33688125 0.019345
144 33625975 0.019837
1440 33168704 0.020035
1441 38283863 0.022011
1442 33242961 0.018743
1443 35246758 0.02337
1444 36448937 0.022727
1445 29470621 0.015709
1446 31929988 0.016526
1447 28950591 0.011491
1448 31944084 0.011814
1449 33568022 0.013749
145 31537167 0.015637
1450 31961120 0.014515
1451 32447572 0.013983
1452 27241174 0.00849
1453 29069767 0.013843
1454 32281901 0.01496
1455 34993002 0.014363
1456 37078164 0.014676
1457 27872414 0.007088
1458 28847761 0.007169
1459 33402680 0.016948
146 29477658 0.011569
1460 33420828 0.014515
1461 31113093 0.009579
1462 37193794 0.012803
1463 32701937 0.008443
1464 27437205 0.01121
1465 31192978 0.010627
1466 32024905 0.010358
1467 35104606 0.020428
1468 32908212 0.017099
1469 38441507 0.023637
147 38882375 0.023204
1470 30599190 0.011538
1471 35448151 0.015849
1472 28451323 0.007153
1473 37303040 0.012709
1474 37932251 0.009507
1475 29595074 0.006278
1476 28156519 0.005249
1477 24724339 0.004525
1478 27749775 0.004639
1479 33662323 0.008225
148 26755958 0.004802
1480 38248884 0.010041
1481 32059990 0.007554
1482 34271633 0.008598
1483 37934368 0.01469
1484 28958925 0.008985
1485 30057204 0.007245
1486 33400282 0.009141
1487 26645252 0.006056
1488 38976307 0.010313
1489 26362748 0.005154
149 32449213 0.007453
1490 37634296 0.011652
1491 31890836 0.007851
1492 30843684 0.007559
1493 31263902 0.006676
1494 33049631 0.007493
1495 34750585 0.010284
1496 31518496 0.006628
1497 28314575 0.005352
1498 34755063 0.008093
1499 25542837 0.004574
15 27911379 0.00979
150 37392785 0.016232
1500 33273766 0.017335
1501 30165245 0.01501
1502 26443430 0.012749
1503 28825423 0.012201
1504 31387757 0.012958
1505 27283068 0.008171
1506 34109670 0.012279
1507 35459390 0.021166
1508 35550152 0.014995
1509 30633522 0.009915
151 34390300 0.011228
1510 39886031 0.012931
1511 38624793 0.010567
1512 30864418 0.015116
1513 25235116 0.010073
1514 35303736 0.015564
1515 32288633 0.010656
1516 33568465 0.01064
1517 35805320 0.011424
1518 33234398 0.007512
1519 28759970 0.006248
152 34758716 0.009386
1520 35143750 0.00768
1521 30102314 0.006408
1522 34047459 0.007843
1523 32176811 0.006418
1524 37373711 0.009658
1525 27447237 0.01288
1526 26641182 0.010768
1527 36415019 0.01468
1528 34995243 0.014163
1529 28730373 0.009041
153 29264533 0.015754
1530 33524000 0.015614
1531 37431632 0.017239
1532 37748910 0.022335
1533 35203453 0.016711
1534 34286040 0.013994
1535 36845209 0.013262
1536 29901380 0.008046
1537 29201526 0.006838
1538 31306365 0.008598
1539 34369590 0.008789
154 26738861 0.004954
1540 32281556 0.006439
1541 28363111 0.009843
1542 36928560 0.013945
1543 36638876 0.012354
1544 36777322 0.022455
1545 26427344 0.012398
1546 32548940 0.014989
1547 29268485 0.009741
1548 29613764 0.014646
1549 35894174 0.021502
155 30956242 0.012972
1550 38592799 0.02288
1551 33709457 0.015107
1552 28986903 0.009151
1553 35752851 0.01152
1554 37047227 0.012837
1555 35436333 0.011073
1556 29987370 0.006412
1557 31808031 0.007672
1558 31917456 0.006938
1559 36375705 0.009418
156 35849138 0.009496
1560 36537826 0.01543
1561 35810803 0.012582
1562 28979898 0.012578
1563 34376847 0.015816
1564 32661963 0.013058
1565 32868398 0.01184
1566 35279451 0.011462
1567 28251301 0.006446
1568 35461287 0.009979
1569 33524199 0.008639
157 28212555 0.006099
1570 30703222 0.006836
1571 30893486 0.006667
1572 28415895 0.00587
1573 27413486 0.004784
1574 28902305 0.006033
1575 32327901 0.008118
1576 33670747 0.008507
1577 34835222 0.007318
1578 32594703 0.007053
1579 30167413 0.006547
158 32039176 0.005425
1580 38516697 0.010286
1581 38241401 0.01007
1582 27059509 0.004935
1583 28556595 0.005672
1584 31585637 0.006209
1585 14716412 0.007438
1586 31860229 0.00707
1587 33288769 0.006902
1588 27697263 0.005105
1589 28210772 0.004969
159 28424951 0.005652
1590 34115674 0.008574
1591 34431521 0.009184
1592 31102656 0.006334
1593 25424178 0.008937
1594 30046555 0.010218
1595 36608768 0.014123
1596 36922042 0.023212
1597 34004533 0.018092
1598 35884249 0.016901
1599 27243349 0.007972
16 34462845 0.011524
160 29648424 0.010115
1600 25859445 0.0066
1601 32931220 0.007731
1602 34716231 0.012571
1603 36865090 0.013156
1604 33089198 0.00954
1605 36452717 0.011737
1606 33674958 0.009501
1607 34097023 0.008558
1608 33220838 0.017677
1609 28104172 0.015337
161 26577364 0.012886
1610 27865393 0.013913
1611 30420571 0.016449
1612 34510791 0.019133
1613 32056994 0.012975
1614 36106095 0.014938
1615 28503842 0.007422
1616 29085421 0.015627
1617 34665745 0.014553
1618 31344390 0.017093
1619 28910517 0.015563
162 36423436 0.017782
1620 31745560 0.011256
1621 30726902 0.009568
1622 31561852 0.009743
1623 33856524 0.01057
1624 35880191 0.013816
1625 34353562 0.009772
1626 29873302 0.006456
1627 28321853 0.006924
1628 28562043 0.005715
1629 31948675 0.007661
163 36611871 0.008792
1630 28484541 0.012995
1631 37890630 0.014999
1632 35880842 0.012184
1633 32125465 0.009365
1634 29368335 0.006649
1635 30465755 0.007118
1636 29708643 0.006246
1637 26115863 0.005089
1638 35388667 0.009114
1639 36825878 0.008819
164 35173366 0.008971
1640 27145095 0.011079
1641 35260741 0.020932
1642 32375457 0.01343
1643 31566799 0.018123
1644 37049824 0.019082
1645 25759211 0.012576
1646 31115918 0.017741
1647 26649066 0.012791
1648 34953088 0.016266
1649 26987658 0.009035
165 29131237 0.015598
1650 28500531 0.011406
1651 37807885 0.016917
1652 34592268 0.013172
1653 29130780 0.00909
1654 32827154 0.011414
1655 29305032 0.007699
1656 29874443 0.006946
1657 34658340 0.010853
1658 30464003 0.006457
1659 36674940 0.009423
166 37083135 0.008919
1660 36106134 0.020604
1661 32616616 0.0171
1662 29065212 0.01414
1663 36080733 0.020111
1664 29419472 0.015723
1665 25788006 0.013447
1666 35503771 0.020067
1667 31805605 0.016825
1668 35220780 0.020117
1669 34423502 0.016205
167 34923286 0.022596
1670 31542520 0.018222
1671 32628516 0.013108
1672 32847362 0.012404
1673 37210949 0.023534
1674 35653838 0.022874
1675 36221301 0.023407
1676 34398250 0.019846
1677 30076407 0.014717
1678 33051589 0.018802
1679 28797487 0.013666
168 33101192 0.015524
1680 35242785 0.014018
1681 37052024 0.021672
1682 33878786 0.020818
1683 38338056 0.018465
1684 29432859 0.016568
1685 33751635 0.019519
1686 32064242 0.012006
1687 31029470 0.010495
1688 27668629 0.007469
1689 36992458 0.02132
169 33956359 0.019387
1690 26495455 0.012858
1691 37715040 0.019531
1692 27556277 0.013428
1693 39231897 0.022216
1694 33372089 0.013954
1695 31945733 0.01228
1696 33909331 0.012234
1697 27637293 0.007911
1698 35720149 0.012304
1699 37908674 0.012565
17 34478162 0.011019
170 29072398 0.014332
1700 38305064 0.019143
1701 33720103 0.013986
1702 30058812 0.0103
1703 29360693 0.013838
1704 34558215 0.017175
1705 34430673 0.01292
1706 32271425 0.018798
1707 35261690 0.020941
1708 36027377 0.021049
1709 36103707 0.01615
171 30997420 0.010802
1710 36018846 0.013509
1711 37823241 0.022476
1712 30467377 0.016714
1713 29641720 0.016276
1714 37466886 0.018267
1715 31456779 0.017756
1716 35277628 0.017532
1717 30699471 0.016465
1718 28724261 0.012544
1719 37114167 0.01855
172 33060618 0.012313
1720 26994879 0.007652
1721 33395478 0.011187
1722 34002390 0.0199
1723 32666513 0.018076
1724 36809509 0.022185
1725 36170534 0.016494
1726 29199349 0.00888
1727 29369788 0.010005
1728 34299435 0.010682
1729 29948780 0.01386
173 30467772 0.014829
1730 25467264 0.012316
1731 32751158 0.013211
1732 37350217 0.016502
1733 34807193 0.013554
1734 32123180 0.008652
1735 32223924 0.018717
1736 31885033 0.014636
1737 26736578 0.009106
1738 31938586 0.011628
1739 30931835 0.016687
174 29950394 0.012224
1740 29526022 0.011697
1741 30017853 0.0097
1742 36820720 0.01246
1743 34721792 0.011033
1744 38379301 0.011813
1745 29178302 0.005932
1746 36488214 0.009574
1747 28321973 0.005769
1748 26848655 0.005038
1749 31973415 0.007134
175 38720410 0.010092
1750 33924224 0.007436
1751 31910189 0.015407
1752 32331639 0.014051
1753 33987962 0.01364
1754 32558466 0.009708
1755 30673368 0.009213
1756 26208609 0.011746
1757 31638337 0.015444
1758 29758970 0.009723
1759 29248181 0.008488
176 21086842 0.006728
1760 36278088 0.012568
1761 26808273 0.006156
1762 31523460 0.007559
1763 34830855 0.01079
1764 34258256 0.008614
1765 34797700 0.008337
1766 25802676 0.004655
1767 34453904 0.008757
1768 27146204 0.00538
1769 35410093 0.009212
177 27761757 0.008832
1770 32398007 0.007308
1771 26501861 0.005281
1772 22488796 0.00535
1773 35329623 0.008933
1774 28069975 0.00525
1775 25542663 0.004621
1776 29049383 0.009753
1777 37873111 0.012678
1778 31234111 0.008514
1779 27955428 0.007298
178 27621901 0.005697
1780 33420885 0.008612
1781 27982553 0.00515
1782 26846727 0.004881
1783 37842875 0.023163
1784 32576588 0.014348
1785 27325256 0.009266
1786 33587048 0.012732
1787 35125438 0.013946
1788 33278976 0.009325
1789 30292964 0.006706
179 29024140 0.006747
1790 36878228 0.009517
1791 35291628 0.009342
1792 31608766 0.007636
1793 36440725 0.009238
1794 27739301 0.009901
1795 29967876 0.010845
1796 32593886 0.010967
1797 34948919 0.011362
1798 34338501 0.010128
1799 27854391 0.006043
18 30287949 0.017932
180 28052778 0.010176
1800 31875804 0.015344
1801 26478841 0.01091
1802 33261213 0.012521
1803 33268667 0.012174
1804 36816782 0.013021
1805 37109088 0.011326
1806 35515984 0.009587
1807 28730163 0.006455
1808 27304810 0.005408
1809 39422625 0.021638
181 30856758 0.01083
1810 34935011 0.019589
1811 36037231 0.016792
1812 29808731 0.009423
1813 29697964 0.007959
1814 39206257 0.012115
1815 29756708 0.007598
1816 35905254 0.009073
1817 30135307 0.006073
1818 37126124 0.01021
1819 33508805 0.007246
182 28110971 0.005475
1820 37823027 0.013938
1821 35542629 0.009811
1822 36418108 0.021295
1823 36698359 0.022884
1824 37932539 0.022687
1825 38856557 0.017163
1826 29765140 0.009076
1827 29191658 0.007731
1828 35903273 0.012013
1829 24455953 0.006588
183 31107131 0.007962
1830 35504946 0.009181
1831 33236715 0.007633
1832 36027671 0.008791
1833 27993344 0.005355
1834 30448075 0.006275
1835 33183431 0.008062
1836 28546399 0.004945
1837 32359161 0.007907
1838 37326532 0.010211
1839 30881354 0.013951
184 33710830 0.015775
1840 31620468 0.01062
1841 29984776 0.014855
1842 34603177 0.016098
1843 35169337 0.015968
1844 36680947 0.015314
1845 28022798 0.014796
1846 26236285 0.010805
1847 26970154 0.008841
1848 30307711 0.011001
1849 31639641 0.010518
185 37398909 0.022059
1850 32134519 0.017663
1851 32847689 0.013764
1852 28622171 0.014145
1853 28655418 0.012813
1854 30192397 0.012094
1855 37753554 0.014531
1856 30792776 0.011203
1857 33338511 0.009475
1858 26693301 0.005798
1859 35964439 0.022227
186 31571372 0.016136
1860 37453250 0.018501
1861 36154830 0.023688
1862 25862259 0.012665
1863 34070048 0.016641
1864 34004211 0.013692
1865 34091351 0.01402
1866 23834861 0.021668
1867 28359671 0.014287
1868 32930392 0.019712
1869 37517557 0.023703
187 30548863 0.015518
1870 27447376 0.010142
1871 31326569 0.011088
1872 35662389 0.020996
1873 31845698 0.013722
1874 27866792 0.00767
1875 32133236 0.010474
1876 32087533 0.013854
1877 31403507 0.011105
1878 29158690 0.006585
1879 34462165 0.02107
188 34744713 0.018269
1880 35468412 0.018833
1881 33809871 0.018096
1882 27100432 0.012637
1883 37502289 0.016869
1884 37194336 0.017729
1885 28713259 0.008854
1886 26889287 0.006879
1887 33130368 0.011121
1888 36652711 0.011707
1889 36993937 0.010458
189 33325608 0.009159
1890 33313712 0.0077
1891 27567579 0.01206
1892 30561568 0.008184
1893 31811098 0.010245
1894 38295440 0.022926
1895 32674092 0.018452
1896 36942726 0.018755
1897 31707269 0.015859
1898 37801600 0.021683
1899 36640690 0.023312
19 28985402 0.011212
190 31623226 0.012453
1900 25506477 0.006973
1901 32718811 0.011469
1902 31676747 0.008838
1903 37914597 0.024218
1904 34579903 0.019034
1905 33697633 0.014881
1906 34351239 0.014966
1907 30890919 0.009491
1908 28546221 0.0144
1909 32598313 0.014767
191 36135016 0.01349
1910 32561362 0.018679
1911 37336837 0.017907
1912 30718250 0.010612
1913 37350602 0.020691
1914 26643488 0.012669
1915 30654341 0.0133
1916 30646027 0.015585
1917 25718450 0.010447
1918 32860845 0.013176
1919 30074560 0.012244
192 31521923 0.009648
1920 36259257 0.020842
1921 37667179 0.017684
1922 32039364 0.011009
1923 32621614 0.018917
1924 26255567 0.0098
1925 33291080 0.012744
1926 31831452 0.010874
1927 36137204 0.012166
1928 35807803 0.021424
1929 33536139 0.013818
193 34399311 0.020371
1930 26422904 0.010534
1931 33285921 0.012049
1932 37013837 0.020493
1933 32578066 0.018848
1934 32213940 0.017843
1935 29418834 0.015247
1936 32679800 0.015053
1937 30712877 0.012378
1938 37684641 0.0225
1939 35179570 0.015028
194 26395338 0.00756
1940 33056433 0.011153
1941 34858189 0.011335
1942 35775594 0.012815
1943 35818896 0.00961
1944 28283213 0.005623
1945 36171516 0.010733
1946 33742794 0.008423
1947 33427103 0.00717
1948 36282928 0.009872
1949 26268663 0.004745
195 24551746 0.004695
1950 31483086 0.007389
1951 36827946 0.010054
1952 34544105 0.009203
1953 33066255 0.008156
1954 36289328 0.009
1955 39151217 0.010136
1956 35084334 0.009009
1957 33522693 0.007991
1958 30688315 0.005967
1959 34049628 0.008305
196 35522254 0.01485
1960 34484429 0.012276
1961 33639040 0.011077
1962 28599685 0.006664
1963 29414120 0.009599
1964 38385541 0.018977
1965 31478581 0.012249
1966 27707885 0.007221
1967 35780688 0.012992
1968 33617357 0.009791
1969 25680005 0.005438
197 34576066 0.009754
1970 36182476 0.010816
1971 33664987 0.006711
1972 31633254 0.007115
1973 31996295 0.007917
1974 26832253 0.004638
1975 30446171 0.006205
1976 28597914 0.005665
1977 36876845 0.00873
1978 29038568 0.005219
1979 29666761 0.004819
198 29753571 0.006538
1980 33751711 0.009439
1981 29195384 0.00507
1982 33623537 0.008707
1983 31381747 0.007076
1984 37559542 0.010213
1985 36897809 0.008567
1986 35162275 0.009126
1987 34451249 0.008438
1988 33258367 0.007116
1989 35608283 0.008085
199 32988071 0.007456
1990 38834420 0.010272
1991 25241838 0.004581
1992 29638979 0.006574
1993 29783223 0.006461
1994 36588422 0.00832
1995 28767613 0.013416
1996 37118973 0.016254
1997 26613878 0.00901
1998 27386305 0.008942
1999 37271879 0.015375
2 32218984 0.021078
20 36743453 0.017799
200 28745263 0.008745
2000 38378871 0.014113
2001 36306274 0.012038
2002 33107505 0.009351
2003 26361151 0.005982
2004 32952993 0.008769
2005 25971021 0.004991
2006 34377019 0.008497
2007 36123219 0.009354
2008 28159314 0.004711
2009 29592687 0.005648
201 32043188 0.006774
2010 32242858 0.006894
2011 8198432 0.00512
2012 25974593 0.004715
2013 36515644 0.01347
2014 32113653 0.009352
2015 37219331 0.011383
2016 28180621 0.005691
2017 35670978 0.020529
2018 30485873 0.013599
2019 32668485 0.015822
202 31159247 0.016787
2020 27019455 0.010522
2021 37154799 0.017041
2022 34545725 0.02004
2023 37132303 0.018108
2024 29392890 0.014887
2025 29003854 0.013182
2026 38862568 0.017316
2027 34051273 0.013601
2028 31752225 0.009326
2029 29798044 0.007468
203 28858400 0.00645
2030 29497241 0.006153
2031 27606416 0.00616
2032 34536199 0.00817
2033 34923979 0.009391
2034 27842221 0.004975
2035 27530077 0.006042
2036 33390417 0.009681
2037 31461294 0.006986
2038 25252376 0.004634
2039 37484937 0.010141
204 35891827 0.009228
2040 34342626 0.008362
2041 32966711 0.006164
2042 33386663 0.007268
2043 28300177 0.005556
2044 36221162 0.009059
2045 31980571 0.007254
2046 29845167 0.005358
2047 28530299 0.005769
2048 34514716 0.008939
2049 37124013 0.010129
205 32194719 0.006898
2050 26038569 0.005051
2051 35287427 0.009003
2052 34805295 0.008792
2053 34242068 0.008371
2054 26965778 0.007818
2055 36716947 0.014884
2056 33826418 0.012377
2057 32538669 0.009886
2058 38288899 0.022287
2059 25995033 0.014172
206 38065122 0.020788
2060 33410547 0.019493
2061 32555717 0.014865
2062 27468567 0.008069
2063 31634786 0.016218
2064 36060315 0.016299
2065 30908192 0.011184
2066 32434100 0.011054
2067 31505826 0.010089
2068 36471622 0.013398
2069 30341954 0.009162
207 30401115 0.016972
2070 38077417 0.017853
2071 28460352 0.007713
2072 32428588 0.009891
2073 25355653 0.013402
2074 35750200 0.019841
2075 30489569 0.01473
2076 35512075 0.01905
2077 29213564 0.015013
2078 25909824 0.01074
2079 29897056 0.016747
208 36070858 0.018527
2080 31047220 0.016696
2081 35966937 0.023673
2082 28612074 0.01313
2083 29689158 0.014602
2084 29098974 0.010419
2085 31347315 0.009814
2086 38656301 0.023617
2087 29012711 0.013921
2088 36778276 0.018965
2089 31783392 0.011556
209 33914959 0.012527
2090 31390125 0.009248
2091 32654735 0.019523
2092 27208937 0.013439
2093 28383721 0.014337
2094 33690965 0.01897
2095 33939381 0.016451
2096 28165177 0.009263
2097 30206923 0.00877
2098 30401948 0.010609
2099 31796975 0.008722
21 29867913 0.006007
210 36243297 0.011384
2100 34864591 0.020131
2101 27618572 0.013244
2102 34485658 0.0171
2103 28957913 0.009546
2104 26070781 0.007095
2105 35959983 0.011918
2106 36773723 0.011178
2107 31434741 0.007418
2108 34793858 0.009111
2109 31659817 0.007636
211 37397199 0.018241
2110 29629115 0.014684
2111 36139188 0.01864
2112 28785679 0.014995
2113 36458637 0.015542
2114 33928367 0.013713
2115 27068636 0.007853
2116 35103908 0.012713
2117 33479154 0.018559
2118 32547140 0.018086
2119 38340875 0.018504
212 29143768 0.009551
2120 33219882 0.010072
2121 27069987 0.006022
2122 34218900 0.00849
2123 26573937 0.005111
2124 36587955 0.018738
2125 32825527 0.011431
2126 25531397 0.006435
2127 37488584 0.010896
2128 30599177 0.016241
2129 29486240 0.011521
213 24882046 0.007831
2130 30881908 0.018272
2131 35573721 0.021225
2132 37181845 0.01864
2133 29023910 0.014834
2134 28951951 0.01443
2135 37265497 0.019344
2136 27394663 0.009783
2137 36554934 0.020852
2138 35843251 0.022594
2139 30362368 0.013957
214 35323122 0.019081
2140 37862378 0.016405
2141 38795864 0.0227
2142 36321057 0.022759
2143 30422701 0.015744
2144 20480192 0.019076
2145 31920789 0.013995
2146 33124204 0.020327
2147 32802673 0.018757
2148 33798087 0.017389
2149 32026202 0.016343
215 37795757 0.022546
2150 26221520 0.009162
2151 30297414 0.01082
2152 26882189 0.00802
2153 30505116 0.009178
2154 29628859 0.015768
2155 38524903 0.023208
2156 34060638 0.019782
2157 37975007 0.018459
2158 34223856 0.018786
2159 30716865 0.01564
216 34286166 0.015557
2160 31072148 0.011666
2161 29098620 0.014846
2162 27931269 0.010323
2163 27564562 0.013286
2164 29602447 0.012321
2165 31010847 0.012933
2166 37984481 0.015557
2167 26681924 0.007343
2168 39174691 0.012752
2169 31614743 0.007788
217 29721320 0.006282
2170 35029358 0.010306
2171 35139759 0.008769
2172 33871221 0.007727
2173 37739692 0.010033
2174 35882552 0.021713
2175 31433119 0.012982
2176 29214028 0.009495
2177 33603238 0.011475
2178 27982908 0.006994
2179 30718011 0.010836
218 34537996 0.01364
2180 28302773 0.009018
2181 34491242 0.012404
2182 28826408 0.006824
2183 25915372 0.00605
2184 38190600 0.010701
2185 32767516 0.00797
2186 29539688 0.006046
2187 37435131 0.021345
2188 32228219 0.012282
2189 32039635 0.010158
219 31476604 0.008795
2190 32517183 0.009577
2191 34353273 0.009914
2192 30821481 0.007945
2193 37487015 0.023189
2194 32054564 0.016133
2195 27894987 0.015615
2196 33702915 0.016817
2197 31748292 0.017073
2198 31518291 0.017469
2199 27163986 0.013315
22 35045154 0.020868
220 34315948 0.019384
2200 29968728 0.014848
2201 32728432 0.015133
2202 35166705 0.01396
2203 30341876 0.012119
2204 26203166 0.014165
2205 28890482 0.011621
2206 39615014 0.016945
2207 36040416 0.014299
2208 26777541 0.009991
2209 31834982 0.014122
221 30251335 0.010086
2210 36940546 0.014307
2211 37019815 0.013534
2212 29364925 0.008518
2213 34604824 0.008443
2214 29602389 0.005261
2215 35559324 0.008648
2216 28419300 0.005025
2217 31238118 0.006179
2218 32031702 0.007256
2219 33072024 0.006197
222 31835390 0.007247
2220 31079259 0.005617
2221 32535781 0.007717
2222 27787735 0.00492
2223 26486507 0.007967
2224 31813827 0.008042
2225 33291970 0.009057
2226 27398048 0.014872
2227 36667083 0.018993
2228 29050917 0.014351
2229 28580995 0.012606
223 29311422 0.01063
2230 35973744 0.016056
2231 37254380 0.020741
2232 31924127 0.01765
2233 28311163 0.013903
2234 27394384 0.013072
2235 34127606 0.016955
2236 29833276 0.018974
2237 30436178 0.013247
2238 35883619 0.020737
2239 37078070 0.023401
224 31465961 0.012044
2240 31340718 0.017495
2241 30987748 0.011491
2242 30168143 0.011287
2243 37723771 0.015119
2244 31249474 0.009702
2245 30620985 0.008704
2246 28368204 0.014082
2247 33109466 0.015018
2248 28515842 0.014295
2249 35920954 0.019765
225 33923263 0.01758
2250 30578968 0.016704
2251 32321193 0.017491
2252 30674444 0.012819
2253 32488157 0.012614
2254 36942168 0.016387
2255 29654868 0.016267
2256 36567024 0.0225
2257 30107688 0.014154
2258 31967140 0.014104
2259 28448074 0.010661
226 38921711 0.015925
2260 36733557 0.022857
2261 32982490 0.018054
2262 29540185 0.011224
2263 30998787 0.010982
2264 28541543 0.015236
2265 32766865 0.017787
2266 36294317 0.023283
2267 27040368 0.013109
2268 31948510 0.014739
2269 27612799 0.010583
227 28969113 0.010095
2270 32277503 0.011054
2271 33718453 0.013397
2272 26367536 0.006383
2273 25393187 0.011904
2274 35873543 0.016804
2275 31373916 0.018389
2276 29299007 0.012125
2277 31398991 0.013009
2278 17647109 0.00822
2279 31401785 0.006962
228 34149027 0.007959
2280 27868091 0.005748
2281 37170950 0.010452
2282 30779675 0.007321
2283 32434762 0.007244
2284 31508051 0.007508
2285 34963063 0.009277
2286 31386848 0.006662
2287 37120764 0.009713
2288 28970691 0.006793
2289 38924801 0.010203
229 37563264 0.009774
2290 26672862 0.00507
2291 31725448 0.006997
2292 25705949 0.004924
2293 28299251 0.005485
2294 34603753 0.007873
2295 37371197 0.010038
2296 37420997 0.009889
2297 28720684 0.005313
2298 35476770 0.008974
2299 32485095 0.007369
23 36719922 0.00929
230 32421601 0.011157
2300 33010826 0.011262
2301 29517568 0.008517
2302 34691118 0.010971
2303 34436122 0.010248
2304 35761802 0.010549
2305 27812531 0.005677
2306 35002158 0.008781
2307 29400731 0.006154
2308 27466264 0.005816
2309 35539807 0.009467
231 35725981 0.009365
2310 36799971 0.010105
2311 33413080 0.007905
2312 36969457 0.010288
2313 32368118 0.007985
2314 36995503 0.009766
2315 34279801 0.008516
2316 36317480 0.023585
2317 27863371 0.009025
2318 36049897 0.018901
2319 30503317 0.014193
232 35609746 0.018997
2320 36721757 0.021636
2321 29833275 0.011295
2322 34300430 0.014291
2323 31239936 0.010106
2324 34401094 0.011764
2325 34414013 0.011615
2326 38062068 0.010561
2327 36792896 0.018889
2328 35476415 0.018124
2329 36813499 0.020886
233 27841040 0.013093
2330 33554471 0.018709
2331 35158520 0.01449
2332 30412371 0.016932
2333 34609088 0.015713
2334 25515975 0.012274
2335 37399515 0.020746
2336 30585291 0.01909
2337 28300372 0.01189
2338 34330510 0.01605
2339 37240782 0.013779
234 31518905 0.009749
2340 35631277 0.012545
2341 28123261 0.005346
2342 37698188 0.011401
2343 31810491 0.008092
2344 33728687 0.010002
2345 39105102 0.011377
2346 32014749 0.012549
2347 31853087 0.013221
2348 29308192 0.011002
2349 35040790 0.013197
235 36220945 0.012147
2350 35846760 0.011214
2351 27843189 0.005707
2352 36627171 0.010633
2353 36203350 0.020699
2354 39093239 0.018243
2355 31777309 0.012938
2356 35443022 0.017216
2357 31800530 0.016602
2358 33595697 0.015657
2359 30506351 0.010674
236 35823263 0.012886
2360 27710492 0.007306
2361 31303927 0.007423
2362 25535634 0.004802
2363 33785248 0.008896
2364 27869290 0.004799
2365 27581720 0.013412
2366 36092693 0.020155
2367 37529262 0.02198
2368 32865000 0.018812
2369 28895111 0.015193
237 29022696 0.014795
2370 30112709 0.017769
2371 34325645 0.019361
2372 29266128 0.014705
2373 38218817 0.023747
2374 32780937 0.018224
2375 37472354 0.017641
2376 36392711 0.021005
2377 31847336 0.017946
2378 28520426 0.013592
2379 27469798 0.010874
238 33707271 0.019442
2380 29854505 0.014036
2381 36823313 0.022901
2382 28348101 0.010518
2383 38255817 0.023019
2384 30690518 0.014911
2385 28705737 0.01787
2386 35394321 0.021307
2387 38837234 0.022784
2388 32926208 0.014916
2389 30943027 0.010504
239 37678390 0.014074
2390 33571089 0.010781
2391 32796327 0.010296
2392 30416816 0.007941
2393 30742191 0.007234
2394 26555234 0.004898
2395 35833236 0.010618
2396 26875641 0.008242
2397 31254870 0.011014
2398 31575659 0.009669
2399 37107571 0.01362
24 36498895 0.009499
240 33756913 0.008545
2400 33432063 0.010094
2401 28064541 0.005687
2402 36455685 0.015324
2403 28222946 0.007712
2404 33739828 0.009513
2405 30140378 0.006821
2406 32223884 0.007844
2407 32095959 0.006368
2408 29390167 0.005736
2409 33717047 0.008625
241 36795659 0.00967
2410 33587201 0.008244
2411 37641080 0.009949
2412 35428900 0.016244
2413 34913405 0.011815
2414 37936855 0.012955
2415 34412848 0.010411
2416 29183823 0.012663
2417 26365325 0.012898
2418 37017319 0.020577
2419 32091156 0.014209
242 34231031 0.01807
2420 34443207 0.014218
2421 35286218 0.022323
2422 26760399 0.009659
2423 33996704 0.01408
2424 37222142 0.015232
2425 30251024 0.007772
2426 25581394 0.005292
2427 32102092 0.018427
2428 32384092 0.012264
2429 29304433 0.008903
243 31326183 0.008968
2430 28022355 0.006771
2431 35949025 0.009855
2432 28835603 0.00563
2433 31830499 0.006665
2434 35581326 0.008536
2435 33683549 0.007614
2436 29735102 0.005261
2437 37947360 0.009729
2438 38426644 0.009887
2439 31238771 0.00627
244 29030156 0.005612
2440 32148615 0.008277
2441 27819176 0.005594
2442 36501374 0.007787
2443 30453277 0.006836
2444 31466656 0.006575
2445 30737825 0.006863
2446 34180362 0.008699
2447 30144962 0.01036
2448 32000217 0.008129
2449 33021876 0.010299
245 32321242 0.008473
2450 35111251 0.009011
2451 30372902 0.006601
2452 35251487 0.008382
2453 33270966 0.009035
2454 30483523 0.006423
2455 39447724 0.010014
2456 32290549 0.01573
2457 29128021 0.008873
2458 34540041 0.011195
2459 33126329 0.011035
246 29034452 0.010624
2460 30400822 0.008991
2461 27280250 0.007385
2462 35355098 0.01119
2463 35542516 0.012011
2464 34312755 0.008423
2465 37035049 0.00941
2466 32189214 0.008078
2467 29143671 0.005766
2468 30864133 0.005879
2469 28459130 0.006215
247 31152661 0.006488
2470 35543357 0.008741
2471 29339563 0.006089
2472 23558090 0.009175
2473 35639687 0.01304
2474 35968334 0.011767
2475 35193439 0.011222
2476 34271024 0.019027
2477 34945278 0.021872
2478 29107321 0.013415
2479 33267117 0.016175
248 28581809 0.015386
2480 33541105 0.014554
2481 34079271 0.012522
2482 34466819 0.019541
2483 30290781 0.011871
2484 38053670 0.013899
2485 29098219 0.008082
2486 33353586 0.011011
2487 28476268 0.006973
2488 36126342 0.011055
2489 31291400 0.006771
249 34173321 0.00776
2490 34712291 0.010168
2491 27915171 0.005877
2492 27022582 0.010251
2493 36508758 0.017008
2494 35638206 0.012939
2495 33169646 0.009026
2496 35166330 0.010881
2497 33781383 0.009043
2498 30396607 0.007148
2499 26276796 0.005487
25 31550703 0.01626
250 27422087 0.010492
2500 32435259 0.01837
2501 33848753 0.015395
2502 26687695 0.00983
2503 28257328 0.009198
2504 34110117 0.013785
2505 33906560 0.012185
2506 33392566 0.009619
2507 31720896 0.009202
2508 31715266 0.017884
2509 28321673 0.013368
251 27997065 0.010596
2510 32376020 0.011841
2511 37073862 0.01486
2512 30836709 0.015652
2513 28476451 0.015166
2514 33355394 0.016929
2515 30617951 0.011994
2516 32792985 0.019239
2517 35048507 0.018436
2518 29952408 0.009781
2519 36095178 0.014558
252 30230750 0.009313
2520 35568054 0.011033
2521 25965534 0.005344
2522 36695279 0.010673
2523 32688497 0.007083
2524 33225346 0.007831
2525 31868983 0.007242
2526 27573164 0.004892
2527 32430463 0.00676
2528 30129408 0.006393
2529 25310419 0.004665
253 36422762 0.009729
2530 39178958 0.010201
2531 29565418 0.006984
2532 31251807 0.006845
2533 34513752 0.009092
2534 30573073 0.015838
2535 34958481 0.018654
2536 36297232 0.02233
2537 32022911 0.015925
2538 33054343 0.019312
2539 32584338 0.017842
254 25889796 0.012764
2540 26715970 0.010565
2541 34161094 0.015373
2542 27560422 0.013533
2543 32225048 0.017812
2544 36017795 0.017442
2545 28570457 0.009788
2546 30851351 0.016075
2547 36109984 0.021901
2548 26140969 0.012906
2549 34590915 0.016473
255 34047198 0.013779
2550 27159935 0.007505
2551 32435353 0.010876
2552 30982447 0.011027
2553 37342720 0.022535
2554 31341825 0.014417
2555 38270356 0.022345
2556 38394332 0.016604
2557 34684775 0.013488
2558 26798785 0.006617
2559 29592817 0.008718
256 28479015 0.007389
2560 33268111 0.009517
2561 33291671 0.007914
2562 37642164 0.023282
2563 37818647 0.017764
2564 30945743 0.015921
2565 36172251 0.018085
2566 30550123 0.01789
2567 26637015 0.01388
2568 30899540 0.013137
2569 26988579 0.012503
257 28733569 0.011476
2570 30170374 0.011455
2571 28154621 0.008867
2572 29985405 0.009123
2573 36127569 0.012566
2574 33768371 0.017456
2575 30854844 0.012587
2576 29816498 0.01425
2577 30534260 0.016992
2578 30920271 0.012497
2579 31977876 0.01773
258 34935554 0.016256
2580 35657769 0.01328
2581 34151162 0.012821
2582 27141290 0.006587
2583 34201842 0.011338
2584 38120692 0.011302
2585 33565561 0.008101
2586 29462545 0.015871
2587 26993191 0.010993
2588 36370145 0.021643
2589 31974898 0.015688
259 32721891 0.018456
2590 34410877 0.021304
2591 35949281 0.020896
2592 34424151 0.019311
2593 39388985 0.019838
2594 34090817 0.014161
2595 35239153 0.02169
2596 26550490 0.009127
2597 36273388 0.014459
2598 31708230 0.017131
2599 33628886 0.013428
26 37366730 0.015208
260 36986638 0.022004
2600 32749631 0.015239
2601 35233067 0.012525
2602 32444601 0.010256
2603 31376686 0.010161
2604 37437716 0.01249
2605 29537199 0.007162
2606 32699394 0.008497
2607 31999309 0.007923
2608 35707821 0.021526
2609 36368577 0.020432
261 28142183 0.011899
2610 32123756 0.012691
2611 29068465 0.009507
2612 31720748 0.010908
2613 29901173 0.016573
2614 33681627 0.017526
2615 35461589 0.021386
2616 32229177 0.017592
2617 31058313 0.013034
2618 26424078 0.008499
2619 34478849 0.012433
262 29120866 0.009124
2620 31706739 0.008172
2621 27473606 0.006159
2622 34766011 0.009488
2623 29090395 0.00663
2624 38148440 0.010677
2625 30270132 0.007277
2626 31112245 0.006227
2627 38464106 0.009757
2628 33721976 0.008159
2629 35181161 0.008746
263 37989751 0.01013
2630 32999619 0.008588
2631 28493652 0.006038
2632 34254046 0.008287
2633 34206018 0.008179
2634 33923442 0.019095
2635 30745572 0.014687
2636 29147390 0.0157
2637 24449684 0.016651
2638 27497857 0.00878
2639 34641446 0.010799
264 34718429 0.021101
2640 30665766 0.013931
2641 32851473 0.015362
2642 37209437 0.018321
2643 35899567 0.021392
2644 28366712 0.01092
2645 32670316 0.011289
2646 36635420 0.022692
2647 37075981 0.022198
2648 36347073 0.02113
2649 34488291 0.021711
265 35647188 0.02084
2650 32868833 0.019122
2651 39114742 0.023241
2652 26441891 0.009876
2653 31854728 0.018424
2654 25870175 0.00939
2655 37709565 0.016652
2656 30960101 0.008823
2657 37806460 0.013121
2658 35057968 0.020186
2659 28566456 0.011207
266 35114612 0.020145
2660 31852764 0.016125
2661 28746479 0.012565
2662 32864858 0.017569
2663 35258498 0.016681
2664 29848596 0.015937
2665 34561825 0.019287
2666 35582913 0.016635
2667 32373188 0.012983
2668 32284342 0.016822
2669 25665295 0.012856
267 31348456 0.014675
2670 37374184 0.017386
2671 35999234 0.020512
2672 33037213 0.019474
2673 30251188 0.016232
2674 29784225 0.012379
2675 34578472 0.021496
2676 35600826 0.017822
2677 28369389 0.013063
2678 32722560 0.02061
2679 36276924 0.022706
268 26256636 0.012568
2680 34758130 0.020335
2681 33271432 0.017538
2682 28518305 0.016154
2683 34086985 0.017267
2684 34007859 0.013407
2685 35466765 0.021125
2686 32924122 0.012498
2687 27240610 0.013897
2688 31272086 0.017309
2689 28078723 0.01394
269 30444190 0.014285
2690 33309380 0.013984
2691 36255491 0.021877
2692 28369667 0.015041
2693 30267309 0.015662
2694 26443173 0.013677
2695 26621592 0.010048
2696 34487073 0.014228
2697 31920307 0.009807
2698 37308941 0.014507
2699 33131952 0.016839
27 33842144 0.017591
270 33960627 0.019079
2700 34654855 0.02067
2701 29708542 0.010389
2702 36356022 0.015446
2703 28172402 0.008536
2704 34524651 0.0102
2705 31936754 0.009349
2706 34861200 0.00956
2707 32391382 0.009533
2708 33850923 0.008549
2709 31367806 0.007405
271 36272759 0.009644
2710 31772907 0.00764
2711 24222308 0.020627
2712 32102196 0.01349
2713 34117631 0.019456
2714 29724430 0.013414
2715 32056583 0.012777
2716 28233113 0.009925
2717 28233840 0.008544
2718 36721245 0.014105
2719 30567160 0.009275
272 33636136 0.010981
2720 26648578 0.00695
2721 26485948 0.006157
2722 30248647 0.008235
2723 36426845 0.010014
2724 33623180 0.011503
2725 28653819 0.007057
2726 28772268 0.006912
2727 29189161 0.014729
2728 27046405 0.012526
2729 38907289 0.020047
273 38155567 0.01627
2730 36890877 0.022018
2731 36565688 0.016258
2732 29116810 0.013872
2733 32494016 0.015713
2734 33093812 0.018034
2735 32707330 0.016093
2736 36655322 0.021528
2737 32527373 0.016866
2738 28383995 0.01475
2739 30440408 0.014584
274 38915548 0.022402
2740 34685430 0.02063
2741 28295938 0.011937
2742 30311128 0.016639
2743 34649814 0.020354
2744 26613336 0.014578
2745 31044297 0.013856
2746 35188183 0.016296
2747 33729715 0.013571
2748 32299216 0.017693
2749 33892005 0.017067
275 31859747 0.012568
2750 31562976 0.018297
2751 35043679 0.016547
2752 34392240 0.01405
2753 34981596 0.014021
2754 31680519 0.009296
2755 29111575 0.007306
2756 29266133 0.007649
2757 34539879 0.010441
2758 32197317 0.0075
2759 27370385 0.006016
276 39213947 0.022729
2760 25948076 0.012541
2761 26182010 0.011757
2762 28356242 0.014435
2763 34801104 0.017678
2764 25728192 0.008208
2765 27690665 0.00935
2766 36468391 0.013603
2767 27145525 0.014559
2768 36305582 0.017318
2769 34990767 0.018967
277 26433109 0.013293
2770 29826419 0.016208
2771 38402554 0.019856
2772 33198110 0.01775
2773 33428475 0.021482
2774 27477894 0.009639
2775 35997805 0.015796
2776 30365559 0.011361
2777 30143464 0.007622
2778 36682413 0.011599
2779 27747183 0.005769
278 33551235 0.007364
2780 32380453 0.008034
2781 29934532 0.005889
2782 30501689 0.006758
2783 32611976 0.007404
2784 35683471 0.00895
2785 31099842 0.006781
2786 35354432 0.009229
2787 36679908 0.009421
2788 33370980 0.007646
2789 30386940 0.00568
279 34970900 0.009594
2790 29674480 0.005877
2791 34887078 0.008119
2792 37403801 0.009323
2793 29759817 0.00564
2794 31099534 0.006295
2795 31859355 0.011362
2796 30590352 0.01033
2797 37045774 0.013773
2798 36825030 0.012
2799 29139082 0.014841
28 34671171 0.015448
280 37440226 0.015619
2800 38701782 0.023707
2801 29072343 0.014667
2802 32420445 0.016225
2803 27522844 0.013893
2804 33585066 0.019146
2805 31229863 0.0177
2806 35635166 0.022582
2807 34279965 0.015371
2808 27004475 0.013816
2809 34259674 0.016762
281 32646213 0.012693
2810 29786638 0.008833
2811 35014191 0.022127
2812 27840814 0.012951
2813 30839019 0.013422
2814 39011355 0.023632
2815 36005784 0.02196
2816 27233429 0.014546
2817 26468044 0.010924
2818 25750602 0.009642
2819 30943539 0.011473
282 35022107 0.013842
2820 36516472 0.011708
2821 31750259 0.009502
2822 10345178 0.008962
2823 25509540 0.005651
2824 34186790 0.018753
2825 22775740 0.018062
2826 32906276 0.013495
2827 31630853 0.017911
2828 29771647 0.012449
2829 28502913 0.009199
283 32401789 0.01287
2830 37417350 0.013805
2831 31313407 0.009128
2832 31955123 0.0078
2833 33165591 0.017811
2834 35172832 0.01685
2835 29062493 0.015111
2836 27798421 0.01161
2837 26502455 0.008024
2838 27664870 0.007196
2839 38028245 0.011902
284 33844250 0.007634
2840 33065335 0.00823
2841 34734137 0.007657
2842 28382611 0.005078
2843 38956052 0.009638
2844 29398655 0.005888
2845 29729260 0.00574
2846 33830437 0.008249
2847 30657763 0.007781
2848 32878778 0.007237
2849 28815070 0.016296
285 27912149 0.011529
2850 26877799 0.008899
2851 33363985 0.012093
2852 36792656 0.011766
2853 38940512 0.012523
2854 33218862 0.008095
2855 31536538 0.013645
2856 37811034 0.015624
2857 31957271 0.010191
2858 35029346 0.009805
2859 34847942 0.010641
286 31210173 0.007335
2860 27254319 0.005525
2861 32148204 0.007369
2862 34811925 0.009112
2863 34300095 0.008236
2864 27633147 0.005051
2865 34206578 0.008301
2866 31242112 0.007266
2867 31340299 0.006766
2868 33834776 0.007141
2869 34160160 0.007429
287 37134927 0.009875
2870 32911089 0.007729
2871 31996797 0.007353
2872 31951151 0.007113
2873 35165403 0.008412
2874 30531157 0.006531
2875 36639966 0.008566
2876 27910230 0.005762
2877 29986227 0.006487
2878 35919271 0.009031
2879 34373680 0.007918
288 31590101 0.007031
2880 26178108 0.007958
2881 34983445 0.01406
2882 33705433 0.010784
2883 33880896 0.009847
2884 32121999 0.007289
2885 31892912 0.006769
2886 32496082 0.021213
2887 28383815 0.010907
2888 32312024 0.013002
2889 29413893 0.009862
289 32474929 0.010746
2890 34998193 0.012696
2891 29024080 0.007595
2892 33088342 0.010013
2893 34117103 0.008982
2894 36620030 0.011029
2895 36252722 0.009647
2896 33401336 0.007124
2897 27889544 0.004755
2898 28085603 0.004927
2899 37558695 0.009442
29 30392423 0.006182
290 34693660 0.008967
2900 31714787 0.00643
2901 33043661 0.008623
2902 34572369 0.008386
2903 34095244 0.00785
2904 34743489 0.00926
2905 27462248 0.004653
2906 27038666 0.004919
2907 34823915 0.007425
2908 27542502 0.004905
2909 27925193 0.00545
291 32524828 0.0072
2910 26851439 0.004713
2911 29994103 0.006137
2912 38060672 0.010414
2913 29393332 0.005075
2914 27546361 0.005558
2915 25440217 0.014032
2916 35676706 0.014973
2917 31438532 0.013263
2918 35837712 0.022246
2919 35979432 0.019068
292 30317314 0.012419
2920 38185291 0.016352
2921 29231826 0.007562
2922 34878730 0.012595
2923 28866833 0.006647
2924 27471395 0.005417
2925 26402873 0.005081
2926 32905840 0.008074
2927 30236901 0.00672
2928 32771909 0.008093
2929 31851248 0.007192
293 33937916 0.008339
2930 38729542 0.010251
2931 35163136 0.013214
2932 31733336 0.017475
2933 37684130 0.019546
2934 30411066 0.016557
2935 30181952 0.012799
2936 30765243 0.016482
2937 29322102 0.015131
2938 28542541 0.013016
2939 31785627 0.014598
294 31425708 0.016512
2940 32904625 0.011868
2941 31542532 0.016749
2942 32376810 0.01768
2943 27572261 0.013637
2944 29401896 0.01407
2945 35249972 0.017309
2946 30500395 0.01728
2947 31309691 0.014667
2948 35856492 0.016242
2949 29815266 0.008031
295 37979326 0.01226
2950 31897695 0.007389
2951 37545005 0.010217
2952 30971791 0.006595
2953 35191486 0.010725
2954 34066418 0.00886
2955 27300862 0.004801
2956 26517519 0.005018
2957 25525658 0.004916
2958 35214330 0.018677
2959 26466693 0.009475
296 36940410 0.013768
2960 33707851 0.008719
2961 34442636 0.010407
2962 27987191 0.005963
2963 33450484 0.009387
2964 31776668 0.006665
2965 34973207 0.019042
2966 33768737 0.018013
2967 29352819 0.011768
2968 32531757 0.013798
2969 33017725 0.013504
297 33418472 0.012118
2970 29756967 0.00698
2971 34762817 0.021801
2972 31668904 0.018264
2973 29571888 0.016745
2974 33621002 0.014671
2975 35678137 0.015256
2976 28061808 0.008274
2977 31781516 0.009287
2978 29097672 0.007696
2979 34412008 0.01033
298 35114196 0.009156
2980 32689066 0.016258
2981 28146090 0.010522
2982 36583730 0.016471
2983 26209753 0.00717
2984 34584979 0.015916
2985 35765274 0.015396
2986 31468236 0.008628
2987 34141123 0.008407
2988 33947126 0.008111
2989 35624378 0.018111
299 33753435 0.018479
2990 29210433 0.012982
2991 32559401 0.013561
2992 30267836 0.015944
2993 28235538 0.013692
2994 34227905 0.020688
2995 37050845 0.023483
2996 33313455 0.01809
2997 34468788 0.021704
2998 31981358 0.017119
2999 35562970 0.021868
3 28731833 0.01269
30 29842307 0.013527
300 32482841 0.014189
3000 33559422 0.021099
3001 29230691 0.014144
3002 36259704 0.019559
3003 34326531 0.017194
3004 31362494 0.013165
3005 29252284 0.008472
3006 32974353 0.018959
3007 29535437 0.014017
3008 26022481 0.011062
3009 34351310 0.013975
301 34632124 0.020432
3010 32197590 0.018041
3011 33989634 0.016038
3012 38220024 0.015197
3013 33396972 0.011627
3014 36545586 0.013066
3015 34969462 0.021117
3016 28188704 0.013752
3017 35725421 0.01862
3018 30957679 0.015467
3019 33317734 0.015298
302 37441021 0.022391
3020 26524747 0.010608
3021 31896072 0.013099
3022 33444307 0.010426
3023 35807190 0.010705
3024 30643244 0.008527
3025 36722418 0.009793
3026 27383237 0.005166
3027 37688653 0.010592
3028 31538261 0.016298
3029 36560260 0.018835
303 30846525 0.012076
3030 35240050 0.012826
3031 38294813 0.014207
3032 37060784 0.012261
3033 33918546 0.009782
3034 28818412 0.006076
3035 29628287 0.006824
3036 32595195 0.006988
3037 34654817 0.009583
3038 33881512 0.008156
3039 37251498 0.009992
304 28891997 0.005768
3040 33443303 0.007437
3041 35926306 0.008354
3042 33348977 0.007256
3043 31537042 0.018776
3044 33255072 0.019159
3045 33097317 0.014542
3046 33565361 0.011956
3047 36676545 0.014239
3048 34057506 0.010654
3049 30367114 0.009394
305 28689188 0.006231
3050 34582375 0.010571
3051 30733108 0.006828
3052 27085353 0.010094
3053 36059122 0.012384
3054 31759413 0.009249
3055 32618035 0.008759
3056 35000218 0.010524
3057 34218123 0.017935
3058 32370409 0.01468
3059 31489394 0.016295
306 35575750 0.019816
3060 33311365 0.013609
3061 37672065 0.023915
3062 30889724 0.015541
3063 37733568 0.022758
3064 36204853 0.017447
3065 29197025 0.015734
3066 24859341 0.009315
3067 35151140 0.014833
3068 29914329 0.008536
3069 33449923 0.011523
307 26954468 0.013591
3070 28072872 0.010322
3071 26565066 0.008656
3072 28381832 0.007926
3073 28464483 0.008496
3074 30963231 0.017277
3075 36753258 0.022107
3076 29771791 0.016365
3077 33144243 0.018325
3078 38380195 0.019918
3079 30871126 0.017942
308 27403122 0.015318
3080 33458055 0.015397
3081 26984645 0.013016
3082 33473074 0.014175
3083 34477387 0.014284
3084 34990866 0.020567
3085 32425838 0.01823
3086 35624252 0.015868
3087 37091968 0.014868
3088 29891611 0.015462
3089 26251540 0.01228
309 35469356 0.016039
3090 31382537 0.013366
3091 28196146 0.013141
3092 28463972 0.011562
3093 28956127 0.010082
3094 39624413 0.015216
3095 29904129 0.015248
3096 29570786 0.013876
3097 30337281 0.013767
3098 30826335 0.011886
3099 34228377 0.013626
31 33745595 0.012347
310 33846647 0.010781
3100 32540722 0.007887
3101 30507756 0.0073
3102 36893950 0.009664
3103 30720192 0.005996
3104 30405953 0.006302
3105 37046358 0.008971
3106 36708188 0.014816
3107 35185094 0.0121
3108 36596227 0.012442
3109 33820173 0.008028
311 34548431 0.022442
3110 37089882 0.021633
3111 35500596 0.022187
3112 28248044 0.013462
3113 33083079 0.016575
3114 27744785 0.012162
3115 27657573 0.010947
3116 27116909 0.010877
3117 30682995 0.010647
3118 32694874 0.011207
3119 32051632 0.010961
312 31710545 0.0099
3120 33016639 0.009679
3121 32320545 0.00815
3122 36308401 0.009079
3123 30955957 0.006756
3124 35075004 0.022524
3125 33851555 0.015884
3126 36074380 0.022995
3127 34900991 0.013303
3128 36395830 0.013429
3129 31832525 0.008631
313 25467588 0.005512
3130 33742058 0.008469
3131 39820190 0.010119
3132 28945265 0.006264
3133 33075717 0.008036
3134 37277472 0.010219
3135 31578639 0.006641
3136 28143608 0.005361
3137 35702442 0.009824
3138 33108839 0.008772
3139 35590123 0.009361
314 32650216 0.007494
3140 33744118 0.008502
3141 27131190 0.004638
3142 31940245 0.007096
3143 33847409 0.008552
3144 31151827 0.006047
3145 29416016 0.005577
3146 32318465 0.007836
3147 30917015 0.007183
3148 38212552 0.009611
3149 36134853 0.008871
315 32250475 0.012495
3150 30571863 0.009588
3151 35137957 0.013333
3152 25026248 0.005774
3153 31444891 0.008005
3154 29554315 0.006586
3155 26986186 0.012548
3156 35713501 0.016896
3157 28870745 0.016316
3158 33789050 0.018868
3159 24828284 0.014813
316 27256346 0.013553
3160 26963808 0.010162
3161 32128555 0.013287
3162 35624318 0.014054
3163 35891914 0.013398
3164 34853345 0.010344
3165 37133233 0.010605
3166 36604781 0.010206
3167 37821246 0.010392
3168 27287149 0.005034
3169 33485771 0.008341
317 25806945 0.004666
3170 34853323 0.008774
3171 29375025 0.006
3172 38234344 0.009096
3173 32850305 0.006998
3174 37344161 0.008867
3175 30765284 0.006493
3176 35192194 0.008339
3177 28677841 0.005036
3178 38790243 0.010245
3179 37591728 0.009258
318 27885343 0.005355
3180 27595143 0.005458
3181 36808587 0.009694
3182 31080522 0.007075
3183 25791640 0.004596
3184 34934761 0.014314
3185 26461328 0.006376
3186 1165767 0.010989
3187 33031391 0.010307
3188 28734243 0.006649
3189 32026194 0.007736
319 27607645 0.005802
3190 34181309 0.008487
3191 33013860 0.007594
3192 39046138 0.010025
3193 36087625 0.009352
3194 32297336 0.012571
3195 26789738 0.007611
3196 29167479 0.008242
3197 37393640 0.012442
3198 34088525 0.009994
3199 31361818 0.008297
32 28485032 0.00554
320 31903032 0.007013
3200 27793204 0.005535
3201 35625488 0.009731
3202 36920866 0.009634
3203 29428731 0.005543
3204 34960991 0.009886
3205 35248502 0.00891
3206 27482058 0.005214
3207 28400549 0.00846
3208 35829213 0.010831
3209 28545504 0.006787
321 37776533 0.010421
3210 31826324 0.006923
3211 36646842 0.022561
3212 34109042 0.019914
3213 34005074 0.019921
3214 35475362 0.018849
3215 30670489 0.011573
3216 34033879 0.012592
3217 37936191 0.012691
3218 28619206 0.006652
3219 29011060 0.007126
322 30658354 0.008433
3220 29675222 0.006155
3221 27695006 0.005408
3222 37410457 0.010218
3223 32931949 0.0076
3224 27972807 0.005314
3225 26878365 0.004612
3226 37047553 0.009978
3227 33508851 0.007402
3228 35098887 0.009147
3229 32031716 0.006706
323 26695193 0.00455
3230 34119218 0.007659
3231 36621025 0.008532
3232 31049064 0.006401
3233 26748954 0.004981
3234 26350176 0.004809
3235 27724371 0.006055
3236 34285338 0.008834
3237 35693640 0.009367
3238 34297735 0.008365
3239 28402433 0.005061
324 33878100 0.007951
3240 33518990 0.007665
3241 36112129 0.009926
3242 34568330 0.009216
3243 36535195 0.010276
3244 29314553 0.00879
3245 36449917 0.009612
3246 34346020 0.008518
3247 36356770 0.009658
3248 31532184 0.006241
3249 29232660 0.005344
325 31781736 0.00708
3250 35258758 0.008531
3251 27763274 0.004676
3252 27991985 0.004687
3253 35590531 0.009588
3254 29331340 0.004827
3255 29055546 0.005462
3256 27554963 0.005799
3257 31600402 0.006923
3258 32649869 0.007308
3259 30568685 0.006519
326 37793360 0.015539
3260 36552655 0.012249
3261 38083495 0.020505
3262 28729051 0.013524
3263 24897974 0.010035
3264 26065493 0.010637
3265 35020080 0.014964
3266 34656054 0.012811
3267 33418534 0.012198
3268 28955930 0.014675
3269 37695312 0.018332
327 32200309 0.013805
3270 26590371 0.008714
3271 37561059 0.01402
3272 30732720 0.009689
3273 37746836 0.011787
3274 30214270 0.00838
3275 32723813 0.008079
3276 32124503 0.007104
3277 27776174 0.013917
3278 28958416 0.012158
3279 28836895 0.010361
328 28717961 0.009425
3280 34317121 0.011384
3281 36441871 0.012308
3282 31686378 0.00772
3283 32612767 0.007439
3284 35504450 0.008895
3285 33282112 0.00796
3286 35000436 0.009277
3287 33019421 0.007224
3288 36550551 0.008972
3289 31782554 0.00716
329 30961277 0.017909
3290 31697110 0.013859
3291 29805195 0.008964
3292 29521670 0.009805
3293 28685592 0.013803
3294 37984709 0.019311
3295 34927238 0.019311
3296 31469051 0.016731
3297 33772739 0.015353
3298 26684002 0.009125
3299 37229699 0.01122
33 34786905 0.019811
330 28391831 0.018029
3300 30699287 0.013498
3301 33749677 0.018336
3302 32766487 0.013558
3303 34218641 0.012269
3304 34349923 0.011467
3305 33377136 0.010323
3306 31073287 0.009131
3307 36018491 0.009367
3308 32809778 0.00712
3309 27559528 0.005481
331 31332034 0.007584
3310 33895345 0.008528
3311 31463650 0.00701
3312 30926172 0.006352
3313 35055155 0.009378
3314 34095054 0.00811
3315 36748880 0.010507
3316 27040562 0.004826
3317 36369302 0.009365
3318 32499503 0.006763
3319 28771883 0.005548
332 30337279 0.006821
3320 30987875 0.006649
3321 27782265 0.005572
3322 34384112 0.008838
3323 31451393 0.006383
3324 38115844 0.010301
3325 30263642 0.006062
3326 31839481 0.010846
3327 35854259 0.013941
3328 29320595 0.014817
3329 34557905 0.014588
333 35824690 0.014166
3330 36789545 0.013512
3331 31099960 0.015875
3332 28362409 0.014179
334 37453058 0.023558
335 29902879 0.015411
336 28523578 0.010855
337 33683138 0.012458
338 37304831 0.021115
339 32236725 0.019542
34 32622477 0.014826
340 37802129 0.023071
341 35551568 0.021896
342 35631993 0.021711
343 31398926 0.012799
344 38514497 0.023121
345 34492155 0.023022
346 27806523 0.012504
347 29129902 0.01611
348 25551655 0.009683
349 32665939 0.011582
35 26571629 0.007207
350 34708207 0.012848
351 34472838 0.020044
352 35968038 0.021689
353 27612399 0.012986
354 28715243 0.011287
355 28730901 0.015794
356 35110048 0.016138
357 35654069 0.014775
358 32962078 0.011202
359 28544391 0.005964
36 34374007 0.01076
360 38205566 0.010025
361 32073254 0.015508
362 34625035 0.015239
363 36184619 0.014002
364 32459195 0.013583
365 31437510 0.011308
366 34478054 0.020021
367 35495889 0.017715
368 28602406 0.014322
369 35161836 0.019711
37 28409801 0.015278
370 27851745 0.01205
371 32483865 0.012582
372 35309108 0.014798
373 34090794 0.012658
374 29497605 0.008492
375 33741401 0.009433
376 29070874 0.007013
377 36375766 0.010886
378 29080414 0.006741
379 27014674 0.005164
38 35342380 0.010454
380 28620550 0.011403
381 31641448 0.009943
382 33534217 0.01211
383 32991755 0.009898
384 39077953 0.012209
385 34895418 0.009912
386 38807883 0.010916
387 35977472 0.009165
388 34057817 0.007887
389 28739606 0.005013
39 36359931 0.008926
390 30780726 0.013544
391 26731080 0.009567
392 34580647 0.014134
393 32483354 0.017725
394 26796732 0.009834
395 31635055 0.011405
396 34675017 0.012252
397 28706521 0.008069
398 37638885 0.021208
399 32325395 0.013052
4 32813826 0.012587
40 35081941 0.020626
400 26325791 0.010663
401 36070100 0.016691
402 28469440 0.014012
403 34718660 0.019756
404 28918233 0.014021
405 33136644 0.018734
406 36727526 0.021525
407 27818650 0.009159
408 35728278 0.014261
409 29981499 0.009206
41 31315843 0.008844
410 36353159 0.020053
411 37230466 0.015995
412 26135067 0.012662
413 36978864 0.019797
414 33053057 0.01883
415 30856930 0.017816
416 30541436 0.012513
417 30647849 0.016725
418 33974142 0.018213
419 35092701 0.016252
42 38442313 0.013536
420 31134596 0.012965
421 29704566 0.015674
422 28326256 0.013637
423 30141782 0.01284
424 33452959 0.01394
425 37860064 0.015525
426 32364066 0.021826
427 32522091 0.01236
428 37941724 0.016674
429 32807858 0.010576
43 37000374 0.011595
430 30692743 0.008444
431 32248359 0.018867
432 37115909 0.02224
433 33598855 0.013255
434 28820265 0.015047
435 31622147 0.015187
436 32109979 0.011993
437 35726441 0.012838
438 34321221 0.010424
439 32992510 0.008424
44 33123263 0.009044
440 27645947 0.005426
441 32177142 0.008116
442 37241283 0.00978
443 30996726 0.006727
444 26719976 0.005316
445 34462366 0.008047
446 29065593 0.005813
447 33351072 0.007815
448 31156837 0.006652
449 36027537 0.009857
45 28257065 0.005529
450 29922167 0.006373
451 31425141 0.006009
452 29819117 0.005439
453 27318772 0.005535
454 32238672 0.007459
455 38565683 0.009999
456 34106579 0.007891
457 26187177 0.004742
458 34439221 0.014313
459 31709158 0.01023
46 24950920 0.005823
460 37794478 0.011786
461 37138315 0.011576
462 34114153 0.008705
463 33960405 0.00892
464 34181480 0.007165
465 32333460 0.00743
466 31729693 0.006375
467 31301124 0.006794
468 26255941 0.005089
469 36211746 0.009131
47 30172692 0.01416
470 31654538 0.010971
471 30741191 0.010647
472 35771859 0.014533
473 31380233 0.008771
474 28708937 0.015879
475 30885876 0.012136
476 29502917 0.011064
477 31035927 0.015839
478 36517666 0.023519
479 36213493 0.017204
48 31027034 0.010108
480 27756789 0.008125
481 31905508 0.010628
482 34196104 0.008953
483 30377142 0.007272
484 37923286 0.00959
485 35678140 0.010206
486 29716078 0.012905
487 37726508 0.016983
488 28350703 0.014172
489 30383194 0.013942
49 32570768 0.015634
490 36273473 0.020232
491 27097334 0.013789
492 34810605 0.019876
493 35264938 0.014914
494 28836515 0.012992
495 35484100 0.017626
496 36377609 0.017369
497 31125736 0.010287
498 37527877 0.013424
499 33647962 0.018196
5 28162561 0.01493
50 32543895 0.015851
500 29447125 0.016247
501 37739376 0.018863
502 29075681 0.011203
503 28425720 0.012689
504 29923368 0.012441
505 34161021 0.020516
506 25269971 0.00913
507 30988829 0.011722
508 34563815 0.02188
509 30327489 0.012811
51 28179052 0.008681
510 32492808 0.01812
511 33091620 0.016971
512 32901021 0.018446
513 27050166 0.013528
514 32268478 0.01472
515 33609315 0.018759
516 31795609 0.019261
517 37974222 0.022209
518 32589593 0.014886
519 34266058 0.021197
52 32499932 0.01918
520 29493845 0.012194
521 30907128 0.010545
522 31837751 0.017843
523 27477944 0.010987
524 38005615 0.017488
525 27956645 0.008071
526 32122760 0.011086
527 30160961 0.008564
528 27173948 0.012845
529 31767779 0.017983
53 31910642 0.015165
530 27761464 0.014538
531 37838558 0.021472
532 26998140 0.013672
533 28968663 0.014241
534 27918787 0.013333
535 29881100 0.012793
536 26029794 0.008673
537 36803004 0.020256
538 34419037 0.02211
539 36749079 0.016463
54 35480361 0.015095
540 27786036 0.01322
541 37448082 0.023079
542 35963150 0.01979
543 35880657 0.022022
544 33250509 0.018842
545 26159639 0.012786
546 29356783 0.014672
547 37768157 0.019034
548 36626449 0.01505
549 32698721 0.009459
55 37538503 0.013501
550 29897917 0.006768
551 33231582 0.008402
552 36266127 0.022046
553 35350817 0.016957
554 32365309 0.017688
555 26141377 0.013311
556 36371565 0.01875
557 38648347 0.023491
558 33060846 0.018149
559 32597866 0.018214
56 35549084 0.02137
560 32545204 0.019568
561 29004539 0.014944
562 33563933 0.017463
563 28830094 0.012809
564 26121235 0.010084
565 35282912 0.014829
566 30613355 0.010822
567 27325743 0.007193
568 34543571 0.012686
569 34181621 0.010798
57 27496820 0.006557
570 30783022 0.007387
571 36255652 0.02261
572 25960141 0.009884
573 29046906 0.014046
574 35361393 0.019333
575 31674013 0.018582
576 30707679 0.016256
577 27885606 0.011812
578 35801220 0.015334
579 27500897 0.013455
58 28391446 0.015204
580 36570040 0.016703
581 33841858 0.016292
582 34400420 0.013872
583 26443360 0.013286
584 30806550 0.017043
585 34003342 0.02126
586 38263585 0.022647
587 39587011 0.018574
588 30072845 0.009946
589 34345462 0.00984
59 34672867 0.010801
590 30206091 0.006487
591 31451751 0.00833
592 32589514 0.007316
593 32868684 0.007193
594 28307487 0.00536
595 28156697 0.005199
596 32428740 0.017595
597 28873956 0.015051
598 35261558 0.019783
599 38189872 0.02384
6 26162421 0.012479
60 32541482 0.017926
600 30833458 0.01457
601 31283125 0.012747
602 32255628 0.01279
603 33255885 0.010811
604 32090663 0.009545
605 35683358 0.012049
606 32769194 0.016432
607 33487391 0.018753
608 33409382 0.015855
609 33946879 0.013744
61 36714816 0.013322
610 26267832 0.00699
611 35447157 0.010061
612 34833920 0.01049
613 34325629 0.019156
614 33685456 0.018531
615 36045827 0.020747
616 33093301 0.019064
617 37784042 0.018169
618 32764542 0.019439
619 35304784 0.02125
62 30297360 0.012095
620 30652810 0.010553
621 25653135 0.007202
622 31021234 0.01788
623 29301138 0.011568
624 27946631 0.009907
625 37370806 0.015531
626 26727233 0.013582
627 34798597 0.016054
628 26312716 0.007321
629 30989204 0.009823
63 38007057 0.014145
630 35361967 0.018404
631 29278362 0.014425
632 27901444 0.013223
633 30289414 0.013211
634 29536846 0.01146
635 29290737 0.010084
636 30638900 0.009911
637 31559278 0.00893
638 35385374 0.020241
639 29133945 0.009883
64 36812238 0.016092
640 31287729 0.00914
641 35310054 0.012524
642 31226045 0.008487
643 36094174 0.010406
644 31581416 0.007127
645 34105317 0.008676
646 29530400 0.005888
647 36705115 0.009006
648 26952535 0.00497
649 36266373 0.009614
65 30667064 0.016893
650 34488965 0.01565
651 30077363 0.010487
652 34579900 0.01241
653 26994454 0.006549
654 27797975 0.006218
655 27680231 0.005518
656 31042971 0.007152
657 32802752 0.008968
658 26923245 0.005265
659 36089835 0.019588
66 29473163 0.017034
660 26036505 0.012122
661 34217108 0.015317
662 29467858 0.009672
663 31687874 0.01206
664 26415786 0.007119
665 31661184 0.010266
666 29413508 0.015484
667 32253764 0.017422
668 34250849 0.019505
669 26082001 0.009444
67 34398266 0.014297
670 28032970 0.013644
671 34405918 0.016108
672 31620721 0.017804
673 34888771 0.022328
674 31912400 0.013033
675 29839038 0.010897
676 29047431 0.008001
677 37301916 0.012618
678 36939119 0.020344
679 30299364 0.012147
68 30546067 0.009335
680 26292249 0.007078
681 27084600 0.00766
682 33556955 0.009463
683 31856863 0.007968
684 35184814 0.009625
685 37221508 0.009992
686 30250781 0.006689
687 32433559 0.007181
688 28073750 0.004727
689 36203700 0.009687
69 28943729 0.006297
690 32949819 0.006188
691 27757340 0.005388
692 36661673 0.009611
693 30039940 0.006774
694 30864894 0.009885
695 38009131 0.011941
696 28399052 0.006526
697 27886518 0.005122
698 33690906 0.008511
699 34817408 0.008888
7 33177129 0.00737
70 27978410 0.004996
700 27446509 0.005575
701 36497195 0.008629
702 35196742 0.008157
703 31326034 0.007219
704 32329797 0.008121
705 36294796 0.014906
706 35424993 0.01155
707 36831948 0.022938
708 31506832 0.017339
709 37130984 0.015671
71 36209020 0.014504
710 33436368 0.010236
711 31604781 0.007101
712 26870070 0.013526
713 23769427 0.010412
714 27894944 0.014141
715 29436834 0.012343
716 34287628 0.016144
717 30358761 0.010256
718 37934898 0.021959
719 28162252 0.010593
72 36044968 0.013766
720 31506970 0.008667
721 35630659 0.012995
722 33662993 0.01102
723 36424665 0.021826
724 28689723 0.011016
725 29773707 0.00967
726 29381471 0.014794
727 32293112 0.014622
728 33457939 0.015733
729 35080211 0.022382
73 30478261 0.013912
730 31216908 0.011039
731 32100624 0.014394
732 32826754 0.018713
733 24735887 0.013003
734 33671073 0.019955
735 37873589 0.018669
736 34578655 0.01312
737 39883162 0.023803
738 35884834 0.015328
739 29947509 0.010331
74 33621075 0.011006
740 35069448 0.013761
741 37411917 0.012352
742 35340194 0.019361
743 34311507 0.020343
744 28271563 0.01072
745 23960284 0.010458
746 28820654 0.00942
747 28855003 0.015385
748 29625455 0.011561
749 30067160 0.011588
75 35223529 0.011359
750 34823287 0.011823
751 35820031 0.01102
752 30390066 0.008352
753 29054025 0.006496
754 27172193 0.005275
755 30849193 0.00697
756 34678075 0.008605
757 38017879 0.009658
758 35168501 0.008606
759 35491681 0.010378
76 31596058 0.006188
760 37683068 0.010363
761 31255538 0.018152
762 32200298 0.015212
763 34829710 0.01506
764 31885009 0.012729
765 28278998 0.007383
766 36591100 0.012191
767 35499245 0.010662
768 33710189 0.009064
769 35484214 0.010208
77 28829252 0.008675
770 28835240 0.008874
771 30456035 0.015606
772 36911074 0.022508
773 27989363 0.010033
774 24649605 0.007391
775 36054994 0.012076
776 26860178 0.006522
777 31492868 0.009149
778 38342812 0.011463
779 28668474 0.007687
78 29052654 0.00621
780 31350523 0.007751
781 36074070 0.008212
782 33097920 0.008085
783 35027407 0.00863
784 29968259 0.00635
785 32122175 0.021553
786 27853798 0.008832
787 36009512 0.012594
788 31648290 0.00908
789 26737944 0.006975
79 35004136 0.021187
790 32870359 0.018016
791 29692419 0.011976
792 27011367 0.009708
793 35189333 0.014111
794 35895182 0.011866
795 36630054 0.011436
796 36771487 0.021837
797 35359485 0.02178
798 34428143 0.015571
799 34338553 0.019346
8 35807604 0.017629
80 32285291 0.012441
800 33810300 0.01225
801 26000541 0.007446
802 32931738 0.019093
803 35870559 0.020148
804 33172097 0.013684
805 36275930 0.015488
806 30543684 0.008787
807 29787413 0.006681
808 28424364 0.014817
809 31524359 0.01483
81 36798000 0.017057
810 32441745 0.011477
811 37519981 0.01414
812 37480890 0.013999
813 34905343 0.010526
814 26941809 0.004973
815 33441945 0.008773
816 32340863 0.006896
817 34755590 0.008374
818 31674173 0.010589
819 34672329 0.010926
82 33734817 0.010079
820 33477233 0.008901
821 31685728 0.006922
822 34870467 0.008549
823 29088444 0.005416
824 39013812 0.010168
825 36807584 0.014256
826 27120809 0.006635
827 29321716 0.006628
828 36895910 0.011675
829 31922866 0.007152
83 38067856 0.017676
830 31122083 0.010156
831 36374058 0.013347
832 28013095 0.013443
833 34382277 0.017098
834 27883858 0.013745
835 27536099 0.011469
836 36118557 0.016832
837 34462140 0.019267
838 35795960 0.016938
839 31449601 0.01271
84 32612913 0.01137
840 36820634 0.012912
841 37358700 0.011527
842 38315409 0.011128
843 30901812 0.007165
844 36331605 0.010387
845 29959916 0.006852
846 37505720 0.009339
847 37015551 0.009724
848 30335782 0.006697
849 28175218 0.004625
85 37316024 0.010557
850 26073891 0.007763
851 33371056 0.010774
852 37194405 0.011967
853 35252282 0.010528
854 28283905 0.006439
855 27738988 0.005634
856 31085933 0.007081
857 27153226 0.005668
858 18881943 0.010132
859 29818461 0.006399
86 28492070 0.008871
860 28439344 0.009099
861 35205494 0.014121
862 34291805 0.011282
863 29444930 0.007347
864 30035122 0.006808
865 36911073 0.014593
866 30001807 0.007816
867 31769108 0.00742
868 33807191 0.02107
869 36430843 0.02318
87 31297650 0.012116
870 31954775 0.010821
871 26627193 0.013244
872 39005619 0.021714
873 33397034 0.014001
874 26676857 0.008008
875 32971545 0.008742
876 37084394 0.010208
877 36937465 0.011234
878 25033104 0.005405
879 27248382 0.00526
88 35700335 0.009471
880 31660600 0.018064
881 39179284 0.019597
882 33463315 0.018275
883 28777907 0.015455
884 27756993 0.012454
885 28914388 0.009475
886 29870240 0.010065
887 37186547 0.014442
888 29245376 0.015793
889 31497706 0.014321
89 25447257 0.01227
890 29406387 0.014828
891 31642196 0.015567
892 27570018 0.012844
893 26776596 0.012937
894 36582078 0.01803
895 35733152 0.017048
896 30868868 0.015315
897 35043841 0.017676
898 26865444 0.013106
899 28642346 0.012052
9 37072832 0.017699
90 32617697 0.014934
900 31249131 0.009728
901 32404064 0.010654
902 33272758 0.010801
903 34252096 0.010593
904 35079877 0.022667
905 31422128 0.016784
906 37884317 0.019324
907 32519273 0.02058
908 36063776 0.020631
909 28385158 0.01204
91 35053252 0.019544
910 34858069 0.015622
911 32846317 0.012049
912 33008881 0.009799
913 33927577 0.019714
914 33709049 0.017386
915 30530742 0.015026
916 27319226 0.010067
917 34993131 0.01698
918 31934324 0.011635
919 38598230 0.013662
92 36470671 0.011369
920 31734673 0.008311
921 27115266 0.005215
922 36203191 0.021994
923 38164379 0.013146
924 35176548 0.00997
925 34564268 0.008431
926 35026553 0.009733
927 27323803 0.005339
928 27720938 0.005738
929 33690495 0.017022
93 29984266 0.009401
930 30333196 0.00948
931 34579306 0.010645
932 26328797 0.006175
933 37288179 0.011232
934 27849142 0.005603
935 32821751 0.007908
936 34116139 0.008911
937 36068545 0.015206
938 36341203 0.017571
939 28756963 0.009461
94 29212544 0.015547
940 28121222 0.010892
941 35879571 0.020444
942 32974628 0.017578
943 33887090 0.01628
944 37148276 0.022181
945 28739488 0.014036
946 34193409 0.020957
947 27879472 0.014468
948 35220842 0.021107
949 28615894 0.016231
95 28647439 0.014556
950 35274797 0.018436
951 27859670 0.009983
952 35060134 0.020693
953 28674540 0.013724
954 32675555 0.016967
955 26875876 0.010349
956 32971036 0.01832
957 34106438 0.018934
958 35044847 0.016596
959 27626520 0.014058
96 36915740 0.019672
960 27517553 0.009537
961 35980517 0.020852
962 26039408 0.010502
963 28137660 0.013406
964 27723724 0.010884
965 33418553 0.014865
966 33292843 0.01455
967 35665928 0.014419
968 28079009 0.009606
969 24554511 0.007879
97 32148947 0.010733
970 27666688 0.007258
971 31832865 0.010359
972 28764515 0.005813
973 31003882 0.006955
974 37621508 0.023431
975 32242089 0.017746
976 29471243 0.015261
977 36512783 0.017062
978 33672401 0.013513
979 36190656 0.013059
98 34118081 0.011456
980 25650028 0.006192
981 28423350 0.006722
982 26296906 0.005866
983 29199117 0.007244
984 34780021 0.009833
985 32843792 0.007582
986 34351989 0.008888
987 30251960 0.006745
988 34440332 0.008962
989 35328228 0.00883
99 28474923 0.006057
990 26717377 0.00567
991 32203384 0.006896
992 32680817 0.008031
993 29531110 0.006135
994 30429080 0.005445
995 36909442 0.021395
996 34693954 0.020414
997 37828741 0.02267
998 28993127 0.010257
999 19267298 0.015201
