0 198523483 0.043946
1 180217448 0.030673
10 167486751 0.021969
100 173040827 0.022888
1000 189550435 0.025792
1001 190435260 0.028162
1002 212344887 0.033793
1003 174752455 0.022084
1004 181784450 0.023539
1005 184289438 0.026746
1006 181664907 0.025128
1007 175889189 0.022678
1008 189512365 0.04596
1009 194237772 0.032952
101 182957919 0.024558
1010 198501677 0.029793
1011 180185136 0.027505
1012 185186668 0.025337
1013 189459429 0.026148
1014 204784914 0.031291
1015 208034567 0.032695
1016 200535893 0.027873
1017 179309153 0.023126
1018 208293488 0.033748
1019 188499061 0.026963
102 180012590 0.024708
1020 184995647 0.024557
1021 168127356 0.021379
1022 203055413 0.034204
1023 208422759 0.033599
1024 203800691 0.033051
1025 167941899 0.02125
1026 197597298 0.027989
1027 214052028 0.033668
1028 203785967 0.032958
1029 209991412 0.031508
103 167928287 0.020989
1030 222589842 0.034814
1031 183507990 0.025493
1032 205858628 0.032719
1033 187433702 0.026835
1034 196649038 0.030745
1035 181028635 0.02393
1036 189163890 0.027
1037 187002224 0.0264
1038 184266902 0.02411
1039 190206991 0.026523
104 199058963 0.032154
1040 215477538 0.034988
1041 179075733 0.025903
1042 177056585 0.025761
1043 190105630 0.027297
1044 175473017 0.023741
1045 196110339 0.029455
1046 194560588 0.028478
1047 213558625 0.033469
1048 172644622 0.022109
1049 196010715 0.031473
105 186015400 0.026609
1050 216537992 0.03512
1051 188117446 0.027632
1052 177084348 0.022473
1053 213952376 0.031781
1054 183129184 0.025295
1055 205085125 0.031675
1056 209227973 0.033984
1057 196192604 0.030584
1058 201232240 0.032225
1059 169264442 0.038964
106 202531429 0.039749
1060 167069767 0.022405
1061 185763301 0.026755
1062 198133732 0.030453
1063 207882962 0.032721
1064 164563571 0.020634
1065 208026663 0.034175
1066 196709995 0.03111
1067 193064599 0.029461
1068 190875179 0.028646
1069 207210775 0.032419
107 223063762 0.034868
1070 206141672 0.027736
1071 181100914 0.025462
1072 183646149 0.027305
1073 167558225 0.020755
1074 173398040 0.022606
1075 197184552 0.028836
1076 194509006 0.02883
1077 164164294 0.020955
1078 179574962 0.024406
1079 185551972 0.028291
108 192908033 0.029588
1080 210435922 0.033639
1081 187528191 0.026143
1082 188722059 0.024803
1083 202587489 0.033082
1084 186718439 0.02602
1085 201676506 0.030254
1086 204155600 0.032367
1087 195251509 0.029338
1088 207637559 0.03327
1089 202003003 0.029805
109 177304155 0.022318
1090 190433911 0.026329
1091 186172468 0.022704
1092 197153724 0.026135
1093 195128734 0.030414
1094 195797769 0.028068
1095 201967202 0.03156
1096 207439383 0.032219
1097 191337784 0.028476
1098 179121431 0.024056
1099 162033410 0.020144
11 183152897 0.023819
110 207728445 0.03092
1100 203222732 0.031846
1101 183209491 0.024213
1102 199566993 0.032005
1103 188851981 0.028062
1104 211135620 0.035182
1105 206819920 0.031749
1106 178432667 0.024353
1107 186981601 0.039336
1108 184999880 0.043253
1109 216380294 0.041508
111 174274791 0.025032
1110 193586683 0.028751
1111 181370757 0.025702
1112 195456023 0.026484
1113 195470002 0.027973
1114 199320232 0.031546
1115 203850686 0.031087
1116 167232306 0.022182
1117 215936883 0.035478
1118 151407930 0.024736
1119 197501378 0.03133
112 179067485 0.022242
1120 150448223 0.02107
1121 192727323 0.030128
1122 183511560 0.024595
1123 208427517 0.034621
1124 196702960 0.029674
1125 160707564 0.02118
1126 184443392 0.027397
1127 194990518 0.031911
1128 163416719 0.022085
1129 193127670 0.029681
113 215785924 0.034502
1130 207682722 0.033968
1131 179438618 0.024667
1132 194741593 0.02761
1133 191650324 0.026752
1134 170972796 0.020826
1135 212647140 0.033898
1136 200986348 0.031795
1137 192100949 0.028317
1138 196874019 0.03047
1139 190624448 0.027886
114 186188392 0.025389
1140 161485948 0.020723
1141 186955523 0.028815
1142 215909907 0.035912
1143 196591226 0.030115
1144 207702654 0.033702
1145 202046595 0.03089
1146 195723551 0.027314
1147 178266897 0.024156
1148 193327301 0.028646
1149 200087019 0.028902
115 176212400 0.026253
1150 201247111 0.028838
1151 208783958 0.035606
1152 188419877 0.025084
1153 167768038 0.020872
1154 162849943 0.021115
1155 208405640 0.035731
1156 179595962 0.023713
1157 158724258 0.021763
1158 161306427 0.021815
1159 180237371 0.025268
116 197726841 0.031326
1160 178730118 0.022124
1161 209551368 0.033157
1162 201427646 0.037512
1163 182336245 0.026104
1164 188625832 0.026923
1165 180924327 0.023571
1166 170001104 0.023249
1167 173267831 0.021744
1168 212268555 0.031191
1169 182571705 0.024082
117 183103770 0.0252
1170 205342433 0.031482
1171 205837428 0.032887
1172 160984106 0.021258
1173 194501967 0.028613
1174 178282855 0.024643
1175 200644494 0.030851
1176 167016277 0.022083
1177 180263450 0.024193
1178 201199010 0.030235
1179 191617651 0.030933
118 180840080 0.024283
1180 171474880 0.02242
1181 164186241 0.021259
1182 209726994 0.032597
1183 185008421 0.024211
1184 191266144 0.027368
1185 185276753 0.02522
1186 209635481 0.089377
1187 218299060 0.052547
1188 196472281 0.049605
1189 203263504 0.035011
119 181176546 0.024257
1190 212981307 0.034601
1191 191334186 0.028717
1192 179606695 0.027851
1193 184314352 0.026487
1194 169148127 0.022162
1195 210363047 0.033532
1196 202572832 0.044171
1197 205426491 0.032731
1198 186277689 0.026661
1199 176758438 0.023292
12 181867706 0.024446
120 206599907 0.035089
1200 166311051 0.022472
1201 194364942 0.028391
1202 164100100 0.02254
1203 175210877 0.02123
1204 211668114 0.033828
1205 165113608 0.021789
1206 195120910 0.030001
1207 195639864 0.028199
1208 213730999 0.032099
1209 185632304 0.027076
121 183856165 0.027232
1210 191101971 0.024014
1211 171371661 0.022167
1212 191977820 0.03069
1213 206237772 0.030929
1214 217769798 0.033615
1215 199566454 0.03252
1216 164828541 0.019923
1217 168962035 0.022729
1218 191051663 0.027259
1219 211455159 0.032614
122 161463140 0.021134
1220 173921512 0.02183
1221 182577546 0.026881
1222 206226964 0.033483
1223 211443724 0.035469
1224 182919611 0.077278
1225 170984039 0.061624
1226 177161182 0.041907
1227 191680712 0.035172
1228 213093152 0.03452
1229 212365274 0.02979
123 171540044 0.023447
1230 170061050 0.020879
1231 212973238 0.032763
1232 175371740 0.020597
1233 191918370 0.030401
1234 209823831 0.033193
1235 202490149 0.03114
1236 186104753 0.027077
1237 197210842 0.027704
1238 174121568 0.022646
1239 184918704 0.027157
124 171498218 0.022454
1240 201306086 0.030585
1241 165651039 0.021892
1242 208925295 0.033773
1243 169145273 0.020853
1244 199046657 0.03136
1245 184397476 0.02649
1246 181116509 0.02527
1247 210096934 0.03197
1248 171878262 0.021556
1249 196285709 0.02942
125 202835399 0.029979
1250 177961565 0.022952
1251 187511153 0.022542
1252 203811899 0.02846
1253 166591279 0.021661
1254 212741076 0.033595
1255 186764974 0.027926
1256 196031114 0.027551
1257 202434238 0.031915
1258 189775366 0.023974
1259 174138465 0.021919
126 186497821 0.028152
1260 193799679 0.032486
1261 214009108 0.034584
1262 185587863 0.025719
1263 206757364 0.033446
1264 202132898 0.02975
1265 177505176 0.024365
1266 207463558 0.034357
1267 221300313 0.034348
1268 196288227 0.026333
1269 196704414 0.056022
127 211342021 0.05536
1270 202499455 0.046231
1271 170366301 0.025112
1272 170582784 0.022369
1273 186969048 0.02607
1274 166514537 0.021693
1275 178432464 0.023638
1276 187655955 0.025069
1277 198609543 0.028813
1278 184528652 0.027039
1279 170848180 0.021909
128 182164996 0.025553
1280 201856785 0.032647
1281 178990509 0.022483
1282 186571363 0.028782
1283 198667989 0.028333
1284 168639604 0.020114
1285 167151554 0.022258
1286 207564426 0.034682
1287 189475495 0.026313
1288 210763402 0.034349
1289 190677928 0.029075
129 183515212 0.025223
1290 161086769 0.021309
1291 199999894 0.030868
1292 181353961 0.025906
1293 216739047 0.034859
1294 182350638 0.023102
1295 189542826 0.041179
1296 174520697 0.042771
1297 191197897 0.034564
1298 194257103 0.030061
1299 174092463 0.020956
13 196496334 0.030024
130 177743095 0.02384
1300 183244023 0.024098
1301 210449134 0.032326
1302 187067225 0.025986
1303 209923323 0.034833
1304 181609693 0.022191
1305 186479811 0.024662
1306 196084448 0.030953
1307 172162720 0.022419
1308 195141023 0.028524
1309 206939371 0.033322
131 189167019 0.027739
1310 200307271 0.032437
1311 193655807 0.026728
1312 172045236 0.020548
1313 190899619 0.028897
1314 214645513 0.035386
1315 177784874 0.024403
1316 165049697 0.022648
1317 204307912 0.029507
1318 196829314 0.028695
1319 174771575 0.022595
132 205967587 0.033337
1320 173346558 0.021957
1321 183258972 0.028381
1322 181663761 0.02592
1323 207148118 0.03341
1324 192094891 0.028463
1325 185569009 0.026553
1326 195099702 0.027218
1327 173056386 0.02256
1328 171503701 0.023091
1329 201799274 0.030353
133 184917812 0.026381
1330 195707940 0.028813
1331 208792080 0.033364
1332 188408379 0.028037
1333 192280021 0.027118
1334 191845785 0.027412
1335 210163807 0.034055
1336 211696589 0.032884
1337 182949063 0.026288
1338 201572543 0.03193
1339 199163756 0.029181
134 201411269 0.032456
1340 171716258 0.022114
1341 217636216 0.034981
1342 166285544 0.021531
1343 194905541 0.029125
1344 200085192 0.0332
1345 195373147 0.030726
1346 197434120 0.02906
1347 206852739 0.03359
1348 222315268 0.035262
1349 211280897 0.038622
135 164695647 0.020746
1350 192579998 0.02698
1351 206371696 0.031782
1352 180980887 0.023374
1353 198290564 0.032416
1354 195830182 0.029688
1355 179259088 0.023959
1356 207458506 0.035064
1357 174089463 0.024344
1358 174459507 0.021753
1359 163439758 0.021047
136 184637375 0.02472
1360 182032991 0.026773
1361 189318322 0.028523
1362 199184541 0.031601
1363 188776833 0.028419
1364 181755429 0.025976
1365 174536050 0.022195
1366 157930258 0.02075
1367 212629761 0.033324
1368 199035281 0.028828
1369 195724790 0.029296
137 203294228 0.031762
1370 205504491 0.031985
1371 168984804 0.022512
1372 165884422 0.019544
1373 203445214 0.031905
1374 165646627 0.022683
1375 173890997 0.026101
1376 190771505 0.027557
1377 218302892 0.033875
1378 194825800 0.029061
1379 172367691 0.022049
138 207810519 0.035422
1380 211687819 0.034714
1381 206446647 0.033967
1382 184632562 0.026961
1383 163285734 0.021921
1384 208407865 0.032448
1385 183062710 0.02479
1386 197735709 0.028374
1387 194530795 0.030452
1388 205870673 0.034252
1389 164148298 0.021207
139 184438577 0.025912
1390 216000549 0.033225
1391 202675785 0.031682
1392 180239195 0.02394
1393 211153857 0.033033
1394 185504116 0.025484
1395 194814938 0.02951
1396 171906440 0.021546
1397 208193169 0.032769
1398 210937740 0.03293
1399 206925089 0.034071
14 172286059 0.022062
140 192801809 0.030591
1400 206316505 0.033494
1401 188130439 0.026063
1402 192617837 0.027977
1403 203820911 0.0303
1404 177326907 0.024826
1405 208835365 0.035914
1406 199674322 0.029659
1407 203283701 0.031573
1408 179861877 0.02555
1409 196695819 0.029282
141 182333406 0.023133
1410 187951683 0.028726
1411 203572711 0.028863
1412 182904999 0.027039
1413 209938555 0.033288
1414 185311789 0.025827
1415 160324617 0.020384
1416 188407944 0.026841
1417 192772662 0.031292
1418 195111195 0.030311
1419 196515903 0.027984
142 193071638 0.030445
1420 174684685 0.02166
1421 187071900 0.028276
1422 166414046 0.022418
1423 172233931 0.022033
1424 194822689 0.027819
1425 197727826 0.030325
1426 210163160 0.03446
1427 190211123 0.029345
1428 207109217 0.03253
1429 161362594 0.031742
143 170739625 0.035007
1430 196838336 0.034589
1431 208131376 0.032811
1432 197184514 0.029341
1433 192932136 0.028057
1434 200956942 0.030266
1435 171655969 0.023177
1436 169482533 0.022136
1437 189979266 0.025526
1438 197663833 0.033069
1439 195178696 0.02873
144 192554306 0.02651
1440 196063757 0.029308
1441 167775959 0.022485
1442 193928328 0.027008
1443 190506946 0.024974
1444 200872117 0.029519
1445 195403244 0.027822
1446 181561472 0.023478
1447 204302397 0.031542
1448 168272375 0.022212
1449 170496754 0.024763
145 215392798 0.033036
1450 199438372 0.028121
1451 170121526 0.021911
1452 197881504 0.028507
1453 172299412 0.021538
1454 210382187 0.032825
1455 198545586 0.03024
1456 211214734 0.035043
1457 195532990 0.027002
1458 167384731 0.022339
1459 187074132 0.025268
146 186646004 0.025553
1460 175839432 0.023093
1461 186269555 0.027518
1462 183502868 0.025905
1463 189607507 0.027117
1464 185457504 0.026108
1465 175391745 0.024424
1466 169187858 0.021057
1467 170200548 0.022614
1468 197702363 0.028392
1469 168171373 0.022077
147 196418576 0.028944
1470 200831160 0.030005
1471 180074711 0.024678
1472 187385820 0.027045
1473 216044312 0.03419
1474 157250930 0.020684
1475 190162150 0.026677
1476 195619369 0.029277
1477 164085480 0.021759
1478 163571790 0.022613
1479 179230168 0.022582
148 167040978 0.021513
1480 182163260 0.025879
1481 221678309 0.034306
1482 171414439 0.022607
1483 201404882 0.028207
1484 201936922 0.029956
1485 211565866 0.033563
1486 193812656 0.029154
1487 169658067 0.022625
1488 207480664 0.033358
1489 185824943 0.023126
149 209697726 0.033271
1490 180392231 0.025007
1491 197105866 0.029122
1492 176174398 0.025017
1493 172822843 0.024303
1494 173720664 0.020396
1495 195031208 0.028
1496 198970806 0.033989
1497 217413155 0.033745
1498 205429619 0.033847
1499 208400774 0.034829
15 214738283 0.034717
150 196503600 0.028007
1500 169711446 0.021101
1501 215187319 0.032399
1502 210982448 0.034725
1503 199430487 0.030249
1504 213457093 0.044646
1505 197244998 0.029766
1506 211611959 0.034355
1507 190601622 0.029843
1508 179722130 0.023295
1509 187530909 0.029628
151 195323210 0.029955
1510 191362316 0.029357
1511 188189496 0.030104
1512 177515301 0.026454
1513 191323335 0.031766
1514 212849520 0.038011
1515 212303821 0.036021
1516 166987921 0.022129
1517 171484168 0.023224
1518 205120361 0.036273
1519 201615447 0.03392
152 204479343 0.042205
1520 204272020 0.056381
1521 203853834 0.038363
1522 182086077 0.027126
1523 214590746 0.037669
1524 198360453 0.032571
1525 183333125 0.027086
1526 179975874 0.024411
1527 175234695 0.023932
1528 176476451 0.027538
1529 195935705 0.030795
153 203666120 0.036623
1530 183213807 0.026732
1531 191080108 0.030255
1532 206891734 0.035285
1533 188397251 0.028332
1534 215868170 0.036876
1535 185139761 0.026348
1536 154972141 0.026875
1537 206400743 0.054733
1538 190267735 0.048345
1539 165506179 0.027649
154 190961253 0.028964
1540 168589020 0.023291
1541 200273961 0.035541
1542 206571619 0.032664
1543 173521831 0.022133
1544 164937057 0.021217
1545 211123992 0.03646
1546 185863755 0.029298
1547 194862407 0.03
1548 167139584 0.021274
1549 208849209 0.038067
155 208398368 0.03982
1550 192533095 0.031842
1551 210745484 0.037382
1552 162727731 0.022369
1553 207886756 0.034099
1554 200612936 0.030587
1555 158812616 0.020761
1556 207479723 0.032884
1557 191374427 0.032184
1558 187636638 0.031565
1559 200136178 0.036522
156 174744225 0.021752
1560 188877921 0.027465
1561 182360186 0.026795
1562 218263138 0.037131
1563 165323854 0.021432
1564 171510991 0.022471
1565 174370891 0.026336
1566 162777274 0.02053
1567 173621300 0.022771
1568 191984294 0.032198
1569 175896424 0.025323
157 211742032 0.036112
1570 176426243 0.024357
1571 161045803 0.020739
1572 197015989 0.035944
1573 167707911 0.022156
1574 196238916 0.03109
1575 189634196 0.029048
1576 161613343 0.02097
1577 204767514 0.036952
1578 213575930 0.038428
1579 191690649 0.02857
158 194786646 0.030555
1580 177583827 0.021703
1581 177783702 0.02229
1582 207950477 0.032299
1583 195494979 0.028277
1584 197683793 0.031362
1585 163878755 0.022576
1586 191479475 0.02767
1587 205526898 0.031721
1588 202334409 0.031665
1589 178399676 0.024158
159 175778008 0.020695
1590 187725306 0.025759
1591 188968780 0.028011
1592 193640115 0.028473
1593 172741416 0.02212
1594 217581448 0.034022
1595 171624768 0.020554
1596 196872061 0.030845
1597 204665477 0.032552
1598 212479410 0.034598
1599 207576181 0.031403
16 188263193 0.023307
160 175815919 0.024203
1600 193957861 0.030523
1601 199773919 0.030855
1602 200325351 0.03338
1603 179015199 0.025916
1604 169102072 0.02277
1605 167185693 0.021865
1606 198992429 0.036863
1607 179844823 0.023925
1608 180274798 0.022772
1609 177722429 0.023033
161 209541366 0.036416
1610 194801067 0.032559
1611 210806996 0.035771
1612 183824576 0.028709
1613 218236590 0.038544
1614 185325191 0.027218
1615 216367416 0.037821
1616 178749741 0.025569
1617 213545243 0.037857
1618 169384891 0.021783
1619 193507861 0.031642
162 198695906 0.033084
1620 209126763 0.036578
1621 186289456 0.026621
1622 182920489 0.027868
1623 189079653 0.028019
1624 195074708 0.028048
1625 210886274 0.036354
1626 208729585 0.047445
1627 166838564 0.030233
1628 169742999 0.023074
1629 194614234 0.033383
163 188641562 0.029478
1630 168047623 0.02201
1631 193456008 0.02783
1632 210132178 0.033952
1633 173653954 0.022542
1634 191961234 0.027483
1635 212191503 0.035348
1636 199504371 0.030251
1637 177318483 0.024683
1638 184271892 0.025879
1639 211669816 0.03157
164 214387977 0.035939
1640 202561281 0.028793
1641 186953734 0.028096
1642 186326119 0.024761
1643 171567408 0.020298
1644 214301194 0.032771
1645 167754168 0.022578
1646 190248703 0.027363
1647 214099646 0.033956
1648 177640844 0.025841
1649 165929800 0.022226
165 175035204 0.02305
1650 188713946 0.026176
1651 171952645 0.021307
1652 198503108 0.032108
1653 178681146 0.041379
1654 178293502 0.02737
1655 189001127 0.028801
1656 202120104 0.035516
1657 190542980 0.026517
1658 209900944 0.033572
1659 169960045 0.021656
166 185481712 0.027282
1660 169516203 0.020819
1661 198607023 0.032791
1662 170468287 0.02257
1663 175008936 0.022413
1664 203722431 0.030173
1665 173755961 0.023881
1666 201352807 0.031847
1667 178535650 0.026181
1668 171524515 0.02469
1669 166864579 0.022468
167 210627777 0.037243
1670 185827586 0.027748
1671 192751172 0.027034
1672 205985640 0.032162
1673 206720070 0.0318
1674 193864408 0.028275
1675 201678540 0.03062
1676 180086554 0.022568
1677 183705714 0.029381
1678 194853097 0.029157
1679 171143237 0.022259
168 193088998 0.02904
1680 176443567 0.024801
1681 211437363 0.033154
1682 194968312 0.02738
1683 174673460 0.02436
1684 197792100 0.031491
1685 184122043 0.025365
1686 182888666 0.026409
1687 173899483 0.024092
1688 202450028 0.031194
1689 185695441 0.024532
169 202726761 0.03003
1690 181099861 0.023844
1691 183377944 0.028915
1692 189097101 0.028936
1693 160294120 0.02159
1694 191859675 0.029077
1695 217622903 0.034864
1696 198487455 0.030976
1697 179940739 0.023486
1698 187760426 0.026931
1699 174668198 0.022755
17 214753867 0.037497
170 182737754 0.026361
1700 198912461 0.032777
1701 201592431 0.03283
1702 169317051 0.022
1703 169896664 0.022196
1704 180439050 0.027595
1705 162608284 0.022032
1706 189429459 0.02884
1707 197418065 0.029353
1708 189399038 0.028064
1709 204456329 0.038496
171 190487875 0.028356
1710 171213811 0.022328
1711 184768377 0.02489
1712 176633986 0.022616
1713 192067496 0.026409
1714 172199116 0.022782
1715 187121845 0.026749
1716 205523334 0.030985
1717 186758397 0.024759
1718 197816187 0.030185
1719 199878410 0.029581
172 205741025 0.030832
1720 191683023 0.027863
1721 193263005 0.028921
1722 178412883 0.025286
1723 204420293 0.032667
1724 175359148 0.022347
1725 178154411 0.026429
1726 193908758 0.027221
1727 206790782 0.037142
1728 202021289 0.029694
1729 199485794 0.02936
173 181317609 0.022954
1730 173924289 0.024315
1731 197745500 0.030697
1732 177995650 0.023058
1733 188401324 0.025567
1734 179393687 0.02415
1735 190834002 0.026979
1736 204060319 0.031279
1737 203505987 0.033509
1738 209761647 0.033936
1739 199682015 0.033081
174 216783441 0.038123
1740 218667796 0.037151
1741 197986081 0.03147
1742 201116450 0.035267
1743 182199451 0.024367
1744 208955474 0.034822
1745 169805915 0.024009
1746 177779886 0.022391
1747 187609709 0.026911
1748 187315995 0.025027
1749 190910974 0.029103
175 201906025 0.030785
1750 184134316 0.026065
1751 197492323 0.029897
1752 166272126 0.019972
1753 210038374 0.03344
1754 206140648 0.043594
1755 176486562 0.039931
1756 190845427 0.032637
1757 190094034 0.028653
1758 202024990 0.030593
1759 171425115 0.022111
176 193360650 0.030066
1760 189864332 0.026737
1761 168344875 0.02223
1762 192789859 0.026934
1763 210143022 0.03305
1764 200712176 0.035352
1765 214342207 0.036584
1766 196635794 0.029537
1767 182825659 0.027477
1768 175523894 0.022135
1769 180190076 0.02321
177 192717159 0.028206
1770 208796073 0.032696
1771 224398213 0.035108
1772 194202352 0.029927
1773 186323537 0.025173
1774 191510538 0.029886
1775 193284918 0.028611
1776 205068233 0.03407
1777 185553625 0.029611
1778 210619897 0.033151
1779 184019937 0.027937
178 198368734 0.034043
1780 178728006 0.025143
1781 189501642 0.029253
1782 207380838 0.031957
1783 184659980 0.026149
1784 214968230 0.034416
1785 182377250 0.028586
1786 214717903 0.033953
1787 170294896 0.022327
1788 167033341 0.021802
1789 189435536 0.032417
179 164961593 0.021309
1790 158766621 0.020817
1791 165542993 0.022659
1792 172647738 0.022854
1793 182795961 0.044292
1794 166988077 0.038655
1795 211566221 0.040683
1796 185482992 0.029828
1797 177862889 0.024387
1798 169187486 0.026372
1799 209157291 0.036223
18 201536020 0.033428
180 192650758 0.028906
1800 195056462 0.031706
1801 173440552 0.0266
1802 196166834 0.034775
1803 196281250 0.041223
1804 200013713 0.033447
1805 210930553 0.050564
1806 180055477 0.026731
1807 204835867 0.033938
1808 212952068 0.033833
1809 189533981 0.028922
181 191554781 0.026906
1810 175115633 0.023975
1811 181300292 0.028746
1812 196516498 0.031301
1813 199633401 0.031048
1814 161950560 0.020965
1815 170346105 0.022769
1816 213924613 0.034622
1817 187008851 0.026162
1818 196445216 0.025897
1819 171884963 0.020519
182 202308269 0.033152
1820 187552391 0.029582
1821 176530920 0.024585
1822 192843314 0.028223
1823 212976234 0.03402
1824 206274864 0.03189
1825 196469111 0.031323
1826 181518853 0.027259
1827 176768937 0.023078
1828 171809756 0.021681
1829 205831771 0.031248
183 165180230 0.021375
1830 165992848 0.020747
1831 210104171 0.034539
1832 204280195 0.030648
1833 188075377 0.025016
1834 203174263 0.034498
1835 176932078 0.022646
1836 178941965 0.023535
1837 167040514 0.021091
1838 177624246 0.024669
1839 210699397 0.033724
184 204817629 0.028964
1840 196752599 0.028008
1841 206708100 0.032616
1842 182643516 0.026419
1843 203394002 0.036639
1844 182123464 0.024627
1845 205101694 0.033086
1846 195313461 0.035179
1847 191111190 0.03054
1848 174846823 0.023391
1849 203903357 0.047195
185 210134010 0.055074
1850 170524636 0.027528
1851 186541224 0.027483
1852 211767366 0.033642
1853 170428326 0.022381
1854 184262125 0.02579
1855 201598254 0.032486
1856 191120116 0.025624
1857 199318177 0.031331
1858 201113485 0.032687
1859 192620761 0.026938
186 195943846 0.032392
1860 193155937 0.028599
1861 166773812 0.020151
1862 201579953 0.034782
1863 167991826 0.032505
1864 177784928 0.026254
1865 193435677 0.027912
1866 213971796 0.03487
1867 181659446 0.024643
1868 220084107 0.038077
1869 201046410 0.028126
187 209476263 0.03053
1870 208334122 0.050205
1871 168797797 0.036872
1872 165070948 0.029111
1873 169527920 0.023001
1874 186554545 0.026542
1875 215881265 0.035695
1876 204817161 0.031342
1877 209542616 0.035135
1878 207989561 0.035269
1879 184690193 0.026427
188 165522677 0.021198
1880 186801301 0.025113
1881 175175491 0.02394
1882 171275409 0.023269
1883 204021937 0.029725
1884 189900172 0.030368
1885 196938955 0.031698
1886 211050344 0.036983
1887 175970353 0.024773
1888 186998795 0.02493
1889 193939451 0.030726
189 189254787 0.028367
1890 158112816 0.021125
1891 174570594 0.022728
1892 214571162 0.035051
1893 193921905 0.029644
1894 198262066 0.032246
1895 190986875 0.028838
1896 190574036 0.031174
1897 181250321 0.032873
1898 197567440 0.049917
1899 210820942 0.040363
19 196009222 0.04584
190 194217088 0.034139
1900 203457366 0.034747
1901 190429716 0.031364
1902 174670059 0.023856
1903 200580833 0.033998
1904 195387587 0.031396
1905 202419093 0.034494
1906 171673518 0.023645
1907 180412413 0.025929
1908 165414317 0.022412
1909 180255979 0.028939
191 178460052 0.023723
1910 179626953 0.026089
1911 204090887 0.035447
1912 188002715 0.030342
1913 191390132 0.031789
1914 192617120 0.029569
1915 183047592 0.025636
1916 189290643 0.027915
1917 193055661 0.02889
1918 185873166 0.024109
1919 213143545 0.05496
192 199593381 0.045066
1920 202930135 0.037003
1921 196567182 0.032471
1922 199331657 0.033845
1923 165871384 0.023442
1924 174379931 0.02533
1925 160735147 0.021888
1926 166635477 0.020956
1927 164636036 0.020951
1928 200342192 0.03288
1929 215374824 0.038659
193 205297151 0.030882
1930 185231667 0.030496
1931 203556580 0.032655
1932 208409450 0.036688
1933 195384746 0.031941
1934 199135860 0.032798
1935 187169584 0.033151
1936 183894004 0.026754
1937 190012100 0.030436
1938 174276091 0.025673
1939 186331617 0.032764
194 180027115 0.025273
1940 202945833 0.039728
1941 180889143 0.040371
1942 188000667 0.04066
1943 184796354 0.03053
1944 163027648 0.028387
1945 208616991 0.036407
1946 183403672 0.026446
1947 211945669 0.033133
1948 195694371 0.032238
1949 196435901 0.030245
195 199432282 0.041684
1950 171979383 0.027096
1951 170673043 0.020825
1952 183497308 0.027135
1953 162475938 0.021634
1954 192180838 0.028287
1955 192455242 0.027961
1956 199500252 0.032098
1957 179382419 0.027894
1958 162189779 0.020711
1959 174627614 0.023968
196 182922624 0.023943
1960 192808058 0.029107
1961 206230311 0.033901
1962 201334572 0.032901
1963 190184220 0.029538
1964 192050861 0.027385
1965 196999397 0.032087
1966 180419532 0.025299
1967 191619487 0.027741
1968 187691032 0.029388
1969 205438904 0.034709
197 209106443 0.03595
1970 173522142 0.020243
1971 214421631 0.036276
1972 165374576 0.021709
1973 197936532 0.027675
1974 176495138 0.023755
1975 196861221 0.033795
1976 212992144 0.034238
1977 198552166 0.028407
1978 171895325 0.022495
1979 212827031 0.033628
198 185678495 0.026608
1980 212167167 0.035556
1981 179382963 0.023488
1982 188804163 0.030078
1983 177403437 0.023238
1984 203914061 0.031649
1985 205864795 0.033748
1986 182562627 0.02444
1987 198358551 0.029693
1988 189082816 0.026903
1989 193991273 0.029154
199 168408635 0.021136
1990 167654106 0.021883
1991 201509835 0.04006
1992 196649266 0.050025
1993 179250231 0.025974
1994 206065663 0.05248
1995 199723051 0.035684
1996 176110371 0.025051
1997 213224144 0.052317
1998 202875881 0.053499
1999 194818401 0.037243
2 195895987 0.048425
20 206738560 0.054403
200 186939186 0.031165
2000 197873654 0.034015
2001 214897520 0.054126
2002 172751662 0.025431
2003 207448884 0.038156
2004 204543948 0.054574
2005 203929985 0.038257
2006 157478016 0.021851
2007 189694608 0.03146
2008 209320049 0.035855
2009 190852776 0.027371
201 193334280 0.029315
2010 209853372 0.037437
2011 200995291 0.037037
2012 187197782 0.032556
2013 206849779 0.033548
2014 204175711 0.034585
2015 212760615 0.035909
2016 203419536 0.036034
2017 206456938 0.031856
2018 199303574 0.028373
2019 183969779 0.042074
202 213600608 0.037936
2020 201883055 0.04329
2021 208463950 0.037159
2022 211713680 0.037032
2023 186652165 0.029835
2024 199286600 0.030606
2025 202101034 0.028671
2026 203214664 0.044956
2027 160805015 0.025787
2028 210888543 0.034337
2029 174349472 0.022198
203 207019752 0.033084
2030 189511945 0.031731
2031 170547546 0.025328
2032 197616200 0.029909
2033 169424147 0.021941
2034 175446403 0.026299
2035 166757090 0.02087
2036 195990288 0.033352
2037 187695818 0.026318
2038 163578966 0.021369
2039 165745573 0.020637
204 176001497 0.023178
2040 163685804 0.021123
2041 196706071 0.029689
2042 198966287 0.032591
2043 188571824 0.029257
2044 199740988 0.031861
2045 180684187 0.036932
2046 188163329 0.03387
2047 170322999 0.02331
2048 172154372 0.023496
2049 186676126 0.029898
205 170461207 0.023382
2050 175391982 0.0232
2051 202624005 0.034014
2052 205992591 0.033077
2053 204575969 0.030404
2054 185293304 0.027316
2055 168151524 0.023168
2056 201324947 0.030373
2057 182019664 0.024428
2058 196811348 0.03339
2059 179371215 0.023918
206 190623388 0.032253
2060 173053570 0.023459
2061 199219699 0.034782
2062 177172850 0.022215
2063 187587606 0.029666
2064 161994854 0.02075
2065 193081394 0.030603
2066 183056742 0.026674
2067 201369096 0.032792
2068 214205743 0.038379
2069 154441418 0.021472
207 217191604 0.037377
2070 191459462 0.028656
2071 210742293 0.036887
2072 174533805 0.022291
2073 199582993 0.03583
2074 215059118 0.038446
2075 196541506 0.046073
2076 163387444 0.026232
2077 173158001 0.024137
2078 202147343 0.035203
2079 182488390 0.029972
208 171686660 0.021495
2080 186682949 0.025481
2081 191293172 0.031815
2082 196179986 0.028904
2083 179543647 0.024773
2084 190684290 0.02856
2085 188876630 0.027574
2086 200257764 0.032426
2087 201650531 0.029928
2088 213813991 0.034704
2089 189372823 0.031947
209 218521331 0.035765
2090 204000474 0.037788
2091 168501936 0.023981
2092 167876974 0.022357
2093 213450537 0.032558
2094 201851213 0.033866
2095 217014846 0.035399
2096 194892882 0.029544
2097 198452741 0.031025
2098 184849936 0.024003
2099 205343395 0.037083
21 192288380 0.035732
210 179247532 0.027744
2100 177307538 0.021074
2101 205369233 0.033518
2102 180113875 0.027324
2103 196959800 0.033725
2104 181449399 0.025196
2105 197795667 0.035136
2106 182860652 0.024958
2107 198872474 0.029592
2108 206252390 0.03549
2109 195238745 0.027334
211 189755057 0.028978
2110 176097323 0.027688
2111 190244269 0.024457
2112 201302188 0.033491
2113 195191472 0.076548
2114 162531311 0.030858
2115 176997528 0.034973
2116 172963781 0.027363
2117 192907114 0.030924
2118 117584284 0.024295
2119 207145373 0.033698
212 167440986 0.022612
2120 187309442 0.041821
2121 164343909 0.025608
2122 192974125 0.028723
2123 195415084 0.028804
2124 190001392 0.027757
2125 185446208 0.041898
2126 169177267 0.024342
2127 182549406 0.034024
2128 179789840 0.025051
2129 210149353 0.037978
213 178170226 0.02622
2130 182150681 0.026562
2131 168505330 0.022099
2132 203831285 0.03518
2133 169864986 0.021542
2134 164701747 0.026528
2135 211941965 0.039407
2136 203289508 0.030725
2137 214663628 0.036097
2138 186304983 0.028677
2139 165877589 0.020519
214 198565770 0.034948
2140 200273993 0.032237
2141 168742711 0.024078
2142 202535188 0.033255
2143 198041658 0.028244
2144 172698513 0.025604
2145 188688405 0.02695
2146 209672293 0.034027
2147 191070694 0.033226
2148 209013314 0.033516
2149 169679720 0.024842
215 198788852 0.032737
2150 212054541 0.036509
2151 198257453 0.028065
2152 195799774 0.046561
2153 194307323 0.031434
2154 194151614 0.030709
2155 187327580 0.030386
2156 212154026 0.033827
2157 180541462 0.039533
2158 176995848 0.026427
2159 178856033 0.023505
216 194822602 0.028998
2160 200581416 0.034127
2161 174566697 0.022942
2162 182746748 0.025693
2163 213354803 0.035384
2164 181722689 0.024109
2165 204437456 0.031447
2166 200054739 0.048354
2167 195431462 0.034836
2168 174046650 0.021169
2169 185894333 0.024816
217 195200880 0.02855
2170 180846991 0.025372
2171 197051383 0.030147
2172 182014320 0.025231
2173 186356558 0.026949
2174 190637237 0.024735
2175 215238700 0.03503
2176 205394936 0.034078
2177 197988862 0.031317
2178 213346285 0.035168
2179 172777009 0.022886
218 198906688 0.031451
2180 172955536 0.022617
2181 172979208 0.02212
2182 178860587 0.025872
2183 197918925 0.032222
2184 177144369 0.025646
2185 199024411 0.034428
2186 163662687 0.021827
2187 168315419 0.022201
2188 184765722 0.027236
2189 179023674 0.027191
219 218526703 0.037529
2190 211535749 0.034552
2191 192374124 0.029319
2192 179043424 0.02521
2193 192369699 0.030359
2194 192868903 0.030007
2195 208969990 0.038793
2196 166358391 0.023014
2197 181365437 0.026675
2198 203968792 0.036811
2199 195736509 0.028698
22 185518929 0.028501
220 188018872 0.030658
2200 176173669 0.024345
2201 204161783 0.035867
2202 196823031 0.032644
2203 198261986 0.035015
2204 191672367 0.029946
2205 164739223 0.021187
2206 208876049 0.036914
2207 172639584 0.021773
2208 199554672 0.067766
2209 182492193 0.038099
221 193551989 0.049687
2210 167413255 0.041603
2211 168505823 0.040076
2212 176197099 0.045475
2213 158569675 0.038183
2214 201336714 0.040981
2215 191421086 0.050281
2216 174163460 0.042756
2217 167678399 0.039682
2218 182152497 0.043918
2219 172546433 0.040844
222 196444726 0.044294
2220 187598521 0.047364
2221 186084367 0.034178
2222 205794871 0.053967
2223 183062411 0.046034
2224 197839252 0.050074
2225 203981806 0.04843
2226 190295103 0.04699
2227 180926664 0.030083
2228 188632046 0.047624
2229 189107273 0.047441
223 189529439 0.047502
2230 195672921 0.032574
2231 224180596 0.053114
2232 200502701 0.053108
2233 203345705 0.055288
2234 168462736 0.042053
2235 190555011 0.043889
2236 189765808 0.033986
2237 184754881 0.040529
2238 182990716 0.046002
2239 176975351 0.043508
224 162210419 0.038447
2240 188568551 0.045092
2241 194721071 0.049132
2242 206130552 0.055137
2243 173575747 0.025465
2244 185266007 0.030553
2245 207637024 0.033429
2246 160530751 0.03939
2247 193512407 0.037979
2248 210416646 0.057401
2249 177970074 0.025141
225 169498889 0.022855
2250 207094775 0.051903
2251 180457786 0.043692
2252 186937354 0.045866
2253 218171807 0.043911
2254 214854075 0.056521
2255 191821615 0.031583
2256 204502059 0.031489
2257 159476227 0.029051
2258 195343047 0.042186
2259 210544377 0.056342
226 197390914 0.051646
2260 175305312 0.041092
2261 186790418 0.051088
2262 191320151 0.04941
2263 177993571 0.030784
2264 184820584 0.048266
2265 179916879 0.04384
2266 202325904 0.055443
2267 181037178 0.04672
2268 179919863 0.04054
2269 163751542 0.039197
227 197919857 0.049609
2270 167960323 0.027383
2271 171615386 0.036739
2272 213883764 0.057573
2273 202244113 0.052339
2274 204090082 0.057126
2275 163929381 0.038318
2276 198801659 0.051222
2277 173472852 0.043308
2278 214043048 0.056554
2279 208314180 0.055547
228 171110626 0.039911
2280 169809923 0.039466
2281 189890221 0.048016
2282 203917091 0.050332
2283 207101769 0.05639
2284 201667434 0.034553
2285 208695852 0.03683
2286 218308524 0.038151
2287 210878052 0.04989
2288 216072515 0.055953
2289 179480682 0.043753
229 178348281 0.043849
2290 210595860 0.054546
2291 156281094 0.040046
2292 184599168 0.034119
2293 186068738 0.027316
2294 169571454 0.022209
2295 179213820 0.024325
2296 169311590 0.021318
2297 193443098 0.048038
2298 172860984 0.026728
2299 198482033 0.04964
23 213648766 0.055635
230 171373652 0.038614
2300 191539724 0.047059
2301 194844072 0.052699
2302 206859557 0.053936
2303 189549889 0.031373
2304 198983098 0.030033
2305 187461011 0.027128
2306 210257485 0.038365
2307 179775223 0.023844
2308 185058494 0.02763
2309 211830176 0.049602
231 198708559 0.050943
2310 198979064 0.052045
2311 181757435 0.029347
2312 204842202 0.05242
2313 175768940 0.042501
2314 188715362 0.050477
2315 181597287 0.042175
2316 176276922 0.042257
2317 192945802 0.04957
2318 171437121 0.041708
2319 208639309 0.056098
232 190199562 0.049131
2320 182857993 0.029514
2321 213405916 0.038216
2322 190053931 0.047559
2323 184384487 0.045782
2324 211305385 0.041252
2325 198339917 0.051167
2326 203108634 0.052266
2327 168111152 0.039962
2328 187296333 0.044718
2329 173082988 0.041335
233 203346940 0.056747
2330 210734400 0.052022
2331 214846248 0.058231
2332 206586412 0.052787
2333 196971127 0.051693
2334 198275632 0.044583
2335 200683085 0.054514
2336 202643725 0.03725
2337 198328518 0.051519
2338 192390361 0.047779
2339 187752674 0.045818
234 166290682 0.038555
2340 191791280 0.050534
2341 176977366 0.044627
2342 173960002 0.032036
2343 172566977 0.024582
2344 195960697 0.044166
2345 187395457 0.046792
2346 174781136 0.030813
2347 195865011 0.048218
2348 165697869 0.040405
2349 211806286 0.044423
235 190653590 0.045259
2350 194591548 0.052433
2351 163773220 0.039142
2352 194574904 0.0486
2353 191698666 0.035951
2354 197788397 0.045694
2355 198230681 0.051799
2356 188339884 0.04954
2357 167399576 0.041141
2358 174479428 0.029161
2359 160309970 0.033401
236 191920730 0.05089
2360 165820138 0.038781
2361 203905508 0.053427
2362 198142580 0.055061
2363 206314693 0.042342
2364 199018387 0.03416
2365 161574373 0.022203
2366 179944945 0.032551
2367 202382464 0.053866
2368 187254285 0.044759
2369 196943547 0.050299
237 198790544 0.052195
2370 187519733 0.026721
2371 189566268 0.040153
2372 172382340 0.03432
2373 190340939 0.046607
2374 192026093 0.049201
2375 202296842 0.056443
2376 206151524 0.05549
2377 200054817 0.053629
2378 184899314 0.047525
2379 201047666 0.052213
238 203688095 0.052358
2380 196237629 0.048787
2381 202867491 0.037388
2382 195985522 0.033112
2383 182952714 0.036975
2384 182557221 0.044561
2385 198246071 0.049788
2386 164097934 0.045014
2387 166688707 0.037914
2388 219275008 0.057016
2389 177204528 0.041108
239 206007572 0.053235
2390 209207568 0.054296
2391 176780696 0.042004
2392 193875728 0.047287
2393 207446633 0.055339
2394 204682307 0.055676
2395 183276784 0.045456
2396 171444343 0.027507
2397 211447257 0.03677
2398 173451704 0.033316
2399 210455915 0.056105
24 167043771 0.022605
240 206051923 0.052746
2400 188129208 0.044856
2401 178053581 0.039971
2402 183182896 0.027076
2403 203762464 0.045105
2404 179691370 0.030213
2405 163910265 0.03085
2406 199259477 0.055887
2407 207150595 0.036115
2408 181263927 0.03776
2409 178780540 0.027585
241 190485516 0.038532
2410 185284713 0.029196
2411 196043005 0.03105
2412 192793718 0.031945
2413 200900300 0.044802
2414 210464415 0.037968
2415 194339489 0.039778
2416 173413527 0.04168
2417 194963786 0.034555
2418 202850754 0.050768
2419 188164100 0.049199
242 181382013 0.043956
2420 192069513 0.028949
2421 180099503 0.04525
2422 180965741 0.041097
2423 192866826 0.046738
2424 175045955 0.039686
2425 165664650 0.040813
2426 208988686 0.052576
2427 195181085 0.035122
2428 202679341 0.036148
2429 174381105 0.033949
243 202912425 0.052015
2430 184175049 0.043693
2431 190777598 0.044997
2432 162683932 0.039098
2433 215143781 0.039926
2434 205127395 0.050522
2435 191342270 0.048677
2436 177553599 0.030565
2437 205305758 0.037302
2438 215177218 0.057341
2439 204356749 0.037908
244 169255765 0.035083
2440 180510822 0.046258
2441 212570813 0.037985
2442 193606238 0.049491
2443 212594912 0.056289
2444 172814200 0.042535
2445 156300742 0.026892
2446 194449458 0.029529
2447 212951379 0.045265
2448 186515243 0.045285
2449 206322404 0.046636
245 180579756 0.043565
2450 207136735 0.040229
2451 195378907 0.049075
2452 195696447 0.031425
2453 207067843 0.036999
2454 179981550 0.027369
2455 195373227 0.031418
2456 194820412 0.029309
2457 186466217 0.029096
2458 175469262 0.040222
2459 207985768 0.043561
246 190549875 0.049123
2460 174752900 0.04087
2461 187365954 0.046542
2462 184694281 0.046102
2463 173273908 0.029262
2464 177628220 0.027626
2465 188673765 0.029931
2466 178468890 0.042439
2467 171696097 0.039258
2468 202833876 0.054568
2469 189962435 0.047059
247 165554013 0.039485
2470 191198342 0.036288
2471 194152488 0.04947
2472 193017975 0.031696
2473 203285136 0.05323
2474 199790868 0.052618
2475 165341323 0.041321
2476 207402941 0.055861
2477 203165645 0.053495
2478 209562660 0.041009
2479 177725580 0.025975
248 208043993 0.055786
2480 182231000 0.02836
2481 176543779 0.037165
2482 210528961 0.053785
2483 167291096 0.026871
2484 219420592 0.037132
2485 205877052 0.035131
2486 179806269 0.024231
2487 205563749 0.03228
2488 211015940 0.044536
2489 179691744 0.02568
249 168191901 0.0217
2490 195669366 0.052522
2491 200008474 0.033858
2492 210782370 0.045898
2493 191239462 0.041334
2494 171556895 0.041123
2495 189995649 0.036908
2496 181963464 0.04136
2497 214866786 0.056841
2498 188944535 0.044099
2499 177674961 0.042008
25 191753650 0.036066
250 179405316 0.044503
251 173214041 0.041587
252 204246431 0.056946
253 176261148 0.028339
254 184544389 0.024235
255 190669404 0.041555
256 205023006 0.053697
257 209580438 0.040273
258 197031976 0.042451
259 202331286 0.051784
26 200010200 0.052383
260 193232559 0.035787
261 186027061 0.045799
262 167309360 0.039444
263 194314612 0.048657
264 186608459 0.032494
265 214345019 0.05578
266 174657908 0.04045
267 164030999 0.038658
268 202645159 0.055159
269 191838608 0.046322
27 164298735 0.038798
270 198113255 0.037177
271 198520187 0.048427
272 189026342 0.051229
273 190308640 0.050168
274 196845230 0.051109
275 201838664 0.057486
276 196784300 0.033518
277 163398399 0.020761
278 182478022 0.026197
279 170017738 0.032698
28 197443644 0.050601
280 190186063 0.04747
281 178631199 0.041638
282 165308014 0.03744
283 184386224 0.045452
284 200392745 0.050037
285 175794345 0.042628
286 184795106 0.040751
287 172428980 0.04056
288 203283070 0.054421
289 189011670 0.04968
29 176779794 0.044093
290 191942586 0.05193
291 165465095 0.038628
292 176278080 0.045085
293 179698579 0.042292
294 181312917 0.045118
295 205511219 0.05616
296 209391734 0.053635
297 194120483 0.036762
298 182735701 0.04699
299 204715989 0.052255
3 172547410 0.040241
30 208241014 0.059581
300 201622901 0.050697
301 191381780 0.03432
302 161249389 0.038636
303 201194025 0.041465
304 170957997 0.026871
305 190866866 0.050068
306 198351439 0.051214
307 170025634 0.041745
308 204703110 0.041824
309 183294886 0.043228
31 189878929 0.046653
310 179503524 0.041859
311 168021095 0.04042
312 181533480 0.04497
313 178096203 0.040986
314 162141163 0.03904
315 190585767 0.048427
316 214747991 0.054876
317 183102813 0.032368
318 193286674 0.043287
319 164403855 0.041236
32 213394667 0.057437
320 179420119 0.041402
321 197801159 0.050693
322 218492223 0.053541
323 176679494 0.039003
324 161821336 0.039628
325 212334758 0.057587
326 196268601 0.050984
327 195530758 0.052648
328 172950696 0.040441
329 196505794 0.051303
33 191123921 0.049046
330 207900952 0.042085
331 171886610 0.024119
332 185582040 0.029224
333 214890645 0.057119
334 189713110 0.047599
335 186148182 0.045589
336 184917444 0.044821
337 202283899 0.04064
338 171136469 0.025421
339 179926439 0.03166
34 199828005 0.048901
340 194136466 0.04848
341 220390819 0.053209
342 191940632 0.041737
343 196579990 0.051181
344 184293155 0.045523
345 167589209 0.038263
346 185936506 0.045319
347 180899553 0.042407
348 204621068 0.054818
349 189212675 0.031218
35 159550069 0.040339
350 163617012 0.027754
351 201026827 0.049464
352 157991815 0.037944
353 166738751 0.03909
354 191085216 0.046925
355 190673706 0.046862
356 202731912 0.05092
357 209432959 0.054862
358 181291654 0.043692
359 199933815 0.0494
36 185654795 0.047057
360 173463278 0.02907
361 193153091 0.041475
362 196527519 0.02995
363 174881485 0.022179
364 179130675 0.044183
365 182585787 0.045338
366 177987225 0.044169
367 189913375 0.041939
368 209291220 0.057143
369 182118053 0.044207
37 182696283 0.029806
370 204307100 0.050234
371 184924843 0.048456
372 182762381 0.046622
373 194350030 0.032807
374 192373634 0.028211
375 208588223 0.035898
376 171943436 0.031814
377 209664423 0.054266
378 201399975 0.050439
379 166454945 0.039854
38 174858958 0.041149
380 185332451 0.04597
381 180402123 0.02996
382 165076589 0.03595
383 170222257 0.043725
384 165856514 0.038704
385 187840197 0.046721
386 211855059 0.054604
387 178977434 0.028481
388 184757024 0.038756
389 209777874 0.057173
39 169321862 0.040715
390 179534343 0.031167
391 181093782 0.044197
392 200174783 0.053863
393 161337796 0.0282
394 215249268 0.054632
395 214810111 0.058074
396 188636133 0.049395
397 178716624 0.039998
398 175632750 0.042526
399 166179931 0.027962
4 208855983 0.052433
40 196223753 0.035229
400 165364212 0.040784
401 201874410 0.05476
402 185374907 0.044746
403 185781110 0.046711
404 189646734 0.047205
405 165677848 0.026118
406 174756508 0.024489
407 194585183 0.044376
408 173149670 0.040368
409 167897447 0.042661
41 162869335 0.039235
410 198760032 0.05465
411 164453060 0.034931
412 171781243 0.04189
413 191852230 0.048578
414 168245771 0.040338
415 163802876 0.040602
416 178039228 0.045027
417 220653487 0.056445
418 203675123 0.050437
419 176337832 0.042388
42 205527357 0.054785
420 180005035 0.046827
421 196901371 0.047757
422 162645891 0.026104
423 201138712 0.034377
424 192271057 0.043484
425 203126810 0.052226
426 197137648 0.034424
427 207778914 0.057784
428 180752639 0.042392
429 180207860 0.032156
43 208656530 0.034183
430 191199850 0.040231
431 198740192 0.042026
432 199948076 0.051851
433 196124845 0.055137
434 201519976 0.054584
435 213822050 0.040541
436 193711596 0.030284
437 218643572 0.04722
438 162686636 0.035322
439 187681521 0.044187
44 171073143 0.040743
440 177971395 0.042285
441 192042465 0.04848
442 173445638 0.037125
443 178169724 0.042443
444 201654320 0.05419
445 206147462 0.053671
446 210734950 0.056579
447 201257529 0.051948
448 177961071 0.044196
449 203181767 0.056845
45 177641883 0.044381
450 158134956 0.038274
451 209566907 0.055481
452 199890161 0.055738
453 185600816 0.041729
454 185422520 0.04692
455 191382041 0.048622
456 210334436 0.055735
457 173176262 0.04127
458 196792255 0.039313
459 202986525 0.032757
46 192992124 0.030678
460 194618225 0.031279
461 196662399 0.049896
462 207821603 0.055538
463 212820673 0.056913
464 157600585 0.024444
465 161470810 0.022244
466 185477510 0.028534
467 171166513 0.029039
468 178471460 0.040859
469 192325466 0.051069
47 170395859 0.040607
470 186522787 0.044068
471 168835802 0.038039
472 182218705 0.046323
473 216530587 0.042586
474 193539683 0.032468
475 198761752 0.031693
476 198580906 0.042021
477 169199262 0.039719
478 171599327 0.040007
479 165072957 0.039921
48 171075702 0.038645
480 209189179 0.0535
481 175721199 0.028879
482 184520547 0.026389
483 174849369 0.021992
484 203889984 0.053058
485 209725626 0.058357
486 208041166 0.036932
487 218091654 0.037973
488 183520160 0.027202
489 183437068 0.046641
49 185128071 0.044714
490 179715008 0.041601
491 176533266 0.040193
492 213838259 0.05457
493 169830436 0.040497
494 175716373 0.030567
495 191413755 0.049244
496 204892726 0.051902
497 189326923 0.047648
498 170369793 0.042195
499 192770791 0.035304
5 180695743 0.02506
50 205796591 0.034746
500 176924934 0.024633
501 163486071 0.039221
502 201552409 0.051506
503 155898605 0.038222
504 192108749 0.049577
505 168338501 0.023241
506 198027385 0.042366
507 174712253 0.037635
508 211055738 0.040809
509 180451550 0.036035
51 205833781 0.053703
510 182039483 0.045071
511 165431279 0.037974
512 196874919 0.052486
513 189415348 0.031984
514 204254939 0.051172
515 167971714 0.025547
516 167945962 0.032063
517 220960065 0.040906
518 201143226 0.032083
519 212754441 0.055482
52 208718158 0.056605
520 202290809 0.055991
521 174858079 0.040529
522 206351324 0.051721
523 167758467 0.040745
524 193175765 0.047313
525 199397971 0.056741
526 178901900 0.030074
527 176385351 0.025289
528 196253291 0.031039
529 209740664 0.037005
53 196992753 0.047274
530 211986281 0.048658
531 169043200 0.022154
532 193349782 0.031259
533 191370300 0.040057
534 160312010 0.039317
535 166083448 0.038802
536 178460337 0.045187
537 198367980 0.051429
538 206141144 0.042347
539 188592049 0.03036
54 182594592 0.038334
540 180425294 0.043788
541 194677090 0.048842
542 197461714 0.03854
543 14723477 0.050808
544 167296125 0.025712
545 196652142 0.053123
546 195735379 0.048542
547 187982155 0.048136
548 192314387 0.047805
549 206777749 0.052234
55 169795251 0.040046
550 173858919 0.039344
551 167426090 0.039267
552 183348457 0.048452
553 204999235 0.054613
554 211301318 0.057075
555 190983577 0.031868
556 205483700 0.038877
557 193863820 0.032322
558 182055863 0.035715
559 186651223 0.046599
56 204218649 0.05183
560 180970221 0.042163
561 204796332 0.050796
562 181268347 0.04706
563 167266334 0.039138
564 178655269 0.04386
565 199927830 0.051007
566 193454648 0.048805
567 219106908 0.054663
568 162621757 0.038435
569 200583311 0.05269
57 188478891 0.048179
570 210913283 0.057097
571 165395861 0.039745
572 205468410 0.053643
573 170798392 0.040809
574 213495984 0.042542
575 214249719 0.057464
576 174971685 0.040563
577 197324854 0.054714
578 172646426 0.03954
579 176876829 0.044538
58 207855812 0.044235
580 187895339 0.045266
581 209191761 0.038596
582 204185410 0.033519
583 194025126 0.042947
584 203983635 0.057408
585 160037174 0.025259
586 160460189 0.028886
587 191021277 0.043943
588 199055936 0.03809
589 164410971 0.040227
59 185395621 0.046442
590 210582662 0.055767
591 164573705 0.039113
592 193293035 0.048259
593 189104362 0.048545
594 212464505 0.057501
595 179162776 0.039075
596 172838308 0.042096
597 213079828 0.056616
598 188920651 0.046657
599 203354249 0.05138
6 168271594 0.025729
60 187152111 0.030535
600 164616130 0.025494
601 185327859 0.031794
602 188790751 0.03384
603 168683594 0.023442
604 205133350 0.035406
605 190174287 0.039483
606 193041099 0.048693
607 172542850 0.026071
608 184100216 0.027672
609 194034772 0.027783
61 188541562 0.030032
610 193778333 0.028895
611 189701343 0.030929
612 183808646 0.030291
613 196924250 0.033253
614 213025137 0.037709
615 214750200 0.057726
616 168436030 0.02584
617 168154370 0.031742
618 206725253 0.057268
619 184951573 0.046856
62 187214832 0.044178
620 189642671 0.048511
621 199661909 0.054207
622 173118559 0.038743
623 176519396 0.042824
624 206030727 0.043362
625 195165303 0.048853
626 186232324 0.034884
627 181222272 0.027365
628 208618348 0.035863
629 172827869 0.02558
63 211163956 0.036855
630 208843762 0.035717
631 169696233 0.023824
632 189571491 0.029632
633 199149920 0.034839
634 183846787 0.026628
635 173150600 0.024309
636 182772797 0.026758
637 195180675 0.033163
638 198368532 0.041429
639 204308500 0.03626
64 193177069 0.041929
640 184793598 0.031004
641 173178974 0.036178
642 192409340 0.04625
643 162714704 0.038018
644 201161302 0.055562
645 190523248 0.049252
646 201941276 0.053661
647 195097307 0.035184
648 178545511 0.025982
649 186776762 0.033247
65 169854916 0.041048
650 195644017 0.05007
651 185530178 0.044262
652 209509634 0.042249
653 169831867 0.042848
654 173362007 0.039293
655 170384072 0.041075
656 169332316 0.040911
657 204244848 0.052858
658 173249484 0.040945
659 173363682 0.040495
66 192427796 0.047047
660 202131204 0.050907
661 166919232 0.021505
662 164903650 0.02734
663 190899158 0.032693
664 198815325 0.04577
665 192006699 0.032681
666 183247521 0.027159
667 197845280 0.031671
668 194795399 0.031529
669 165355463 0.022924
67 208932089 0.043138
670 170680100 0.043072
671 201090725 0.056043
672 178976885 0.042959
673 194137859 0.051777
674 189931348 0.048998
675 200009968 0.049387
676 207352991 0.038105
677 161489282 0.033289
678 176818422 0.041088
679 168173275 0.037575
68 189700890 0.048082
680 183833370 0.047083
681 188176606 0.048228
682 187553265 0.031409
683 206517074 0.034943
684 184505153 0.033863
685 198571996 0.048266
686 173760251 0.027639
687 181346450 0.03747
688 172366421 0.044924
689 190826410 0.047593
69 171518272 0.023508
690 179989310 0.033722
691 193121940 0.04785
692 190609156 0.047645
693 201151158 0.052688
694 197682359 0.049619
695 178659797 0.031922
696 166345773 0.023881
697 198935554 0.046729
698 181811977 0.046254
699 181556726 0.031387
7 198678752 0.036069
70 170438852 0.024443
700 206262284 0.041839
701 207205639 0.051741
702 193560530 0.047854
703 183460280 0.046032
704 167947894 0.04027
705 167875183 0.040661
706 200946552 0.053352
707 174489997 0.042825
708 184735424 0.032842
709 184042549 0.043498
71 167252933 0.041196
710 191668241 0.035616
711 209151754 0.055036
712 181800545 0.027299
713 175207797 0.032669
714 218502186 0.039161
715 167598697 0.035699
716 191829444 0.048659
717 177212951 0.040669
718 193263050 0.048804
719 188508528 0.054675
72 211111767 0.054147
720 218137844 0.056254
721 213032677 0.054391
722 196558570 0.053015
723 182834528 0.048678
724 196171064 0.048127
725 211388190 0.047331
726 184491196 0.045396
727 169260614 0.040071
728 187451113 0.046942
729 190027888 0.032674
73 205533776 0.053266
730 161457545 0.040247
731 207845459 0.053822
732 177707951 0.032977
733 211204203 0.056574
734 195336873 0.050355
735 171696304 0.040315
736 162338296 0.038201
737 202380737 0.048951
738 175317755 0.028251
739 186814352 0.029152
74 201788240 0.030718
740 176190824 0.021916
741 194474075 0.033005
742 166964636 0.041663
743 201062310 0.054988
744 205379334 0.055272
745 182245175 0.026115
746 178619874 0.045136
747 165789254 0.040483
748 175319465 0.0306
749 176328173 0.041451
75 176981434 0.031213
750 211770781 0.051762
751 191321370 0.046667
752 193677810 0.049146
753 170259608 0.026288
754 176929091 0.036899
755 166616598 0.038018
756 189894076 0.040037
757 190492812 0.047763
758 181151352 0.026433
759 184404677 0.027484
76 198498583 0.048238
760 192213454 0.047428
761 201449768 0.050886
762 208560665 0.054667
763 174126032 0.042219
764 166930056 0.041757
765 204089311 0.053872
766 186028397 0.047822
767 202737754 0.056376
768 195746545 0.052621
769 170828623 0.041965
77 169430029 0.025101
770 186348628 0.040445
771 195126968 0.050504
772 188413085 0.049936
773 205692025 0.056365
774 194729887 0.048689
775 209320326 0.040765
776 188060550 0.040762
777 157540378 0.040021
778 198151494 0.049345
779 188224202 0.050864
78 199647466 0.049493
780 201972151 0.052765
781 186270095 0.030675
782 178523035 0.03943
783 168873108 0.040751
784 182505084 0.046214
785 167642483 0.039261
786 173804407 0.041203
787 206490442 0.05262
788 164102965 0.04657
789 172987435 0.041942
79 202448041 0.041111
790 197960418 0.047299
791 216511052 0.057181
792 185442841 0.042853
793 183191944 0.02933
794 211537623 0.037864
795 214592835 0.035994
796 197235315 0.030948
797 193911597 0.033038
798 166025976 0.022066
799 161779318 0.021896
8 205119943 0.035541
80 215402882 0.055638
800 188614934 0.045338
801 189247767 0.048152
802 202751325 0.05147
803 206409264 0.055968
804 171148474 0.040442
805 202572406 0.053718
806 171659009 0.042076
807 165118152 0.040457
808 176364696 0.043626
809 215544954 0.057561
81 195917605 0.04775
810 193151012 0.049641
811 165090156 0.038966
812 159120150 0.0487
813 199551879 0.039641
814 202616348 0.034753
815 196834938 0.0331
816 207559388 0.037594
817 162371421 0.021912
818 166775083 0.021499
819 195650505 0.032451
82 205591188 0.03592
820 166436151 0.020968
821 196349992 0.030958
822 183668610 0.040799
823 190050773 0.04517
824 174639119 0.041074
825 201240362 0.052022
826 200945491 0.053418
827 175459318 0.028562
828 167477890 0.02897
829 174333772 0.025375
83 198034766 0.053365
830 187558659 0.050901
831 185177937 0.044016
832 222635535 0.05757
833 207443680 0.038485
834 173856205 0.032001
835 176589305 0.025332
836 182214110 0.026221
837 198118557 0.046637
838 210000159 0.055003
839 211980461 0.039533
84 182408967 0.037793
840 167311063 0.041556
841 166690529 0.040205
842 159913570 0.026965
843 192145084 0.030216
844 203500781 0.046405
845 199807079 0.033762
846 205373127 0.033614
847 165861715 0.031102
848 203034962 0.055043
849 202818959 0.0521
85 190027251 0.051186
850 184056513 0.04585
851 211151692 0.053235
852 185601974 0.044613
853 185837827 0.045254
854 190300415 0.04772
855 176161149 0.041048
856 186019399 0.033029
857 191153178 0.049707
858 181591887 0.029156
859 183124252 0.040424
86 169826888 0.038757
860 183724288 0.041191
861 188789731 0.046484
862 211718262 0.055697
863 199536109 0.032841
864 188356999 0.028558
865 169703029 0.023498
866 161935579 0.020754
867 190029398 0.027667
868 209363544 0.044927
869 170275050 0.022265
87 208838321 0.040671
870 181821946 0.042744
871 209450282 0.052964
872 171210956 0.026492
873 211883411 0.035922
874 199541933 0.033654
875 205465189 0.055197
876 184420491 0.031423
877 190175470 0.041895
878 193215967 0.051854
879 174305600 0.044776
88 180701250 0.033464
880 165199757 0.042221
881 175568743 0.028346
882 177399307 0.040568
883 198085925 0.055281
884 178112932 0.04323
885 202888322 0.051426
886 187522699 0.047819
887 164367862 0.027333
888 184397872 0.026847
889 195673405 0.029962
89 216612519 0.05123
890 176475012 0.042534
891 205559600 0.049029
892 176656806 0.040698
893 213374739 0.042565
894 198639858 0.03097
895 186284074 0.036435
896 174342962 0.043011
897 168569174 0.040094
898 194856478 0.048599
899 171579746 0.025774
9 167409691 0.0376
90 175619894 0.040963
900 165449362 0.028387
901 201213315 0.049356
902 162828917 0.025713
903 196838890 0.04068
904 189574774 0.044314
905 201813096 0.055318
906 217054490 0.055423
907 162204567 0.039072
908 198531818 0.050765
909 192793446 0.034483
91 218480460 0.055416
910 200194852 0.048277
911 192144857 0.05147
912 197399841 0.053573
913 198740796 0.051075
914 184493517 0.047609
915 174213489 0.042046
916 175838492 0.03989
917 199916551 0.053687
918 208696852 0.05773
919 194328397 0.047503
92 176216628 0.042415
920 167743681 0.039682
921 197829118 0.05208
922 179440824 0.031461
923 204338017 0.037894
924 184802268 0.049245
925 198149679 0.036849
926 192856290 0.046797
927 202195674 0.048754
928 198981011 0.038161
929 165606648 0.035882
93 170766529 0.039953
930 210021363 0.043714
931 207103564 0.057399
932 171381465 0.025989
933 209772422 0.048045
934 208753073 0.035562
935 213649955 0.056897
936 175873857 0.040085
937 195839922 0.053683
938 211339253 0.05642
939 198080501 0.051365
94 204561275 0.055137
940 161010821 0.037629
941 188304313 0.044875
942 203237358 0.052688
943 182505400 0.028422
944 211244047 0.036661
945 209561515 0.055776
946 196512369 0.052615
947 177804669 0.042888
948 174380979 0.040223
949 194205081 0.048824
95 194027562 0.049081
950 172145960 0.040221
951 208669961 0.055509
952 192754255 0.034127
953 207370421 0.053853
954 179362361 0.043578
955 189143487 0.049499
956 196554693 0.049719
957 170612500 0.027392
958 207652240 0.054656
959 193334049 0.047776
96 172716429 0.039806
960 182451755 0.044133
961 169879414 0.039408
962 200867721 0.051611
963 205544696 0.052194
964 164151392 0.039199
965 174940438 0.040374
966 171159556 0.042724
967 170669812 0.041169
968 195099946 0.050907
969 167533981 0.026315
97 166288702 0.036278
970 183932726 0.03163
971 195806315 0.050682
972 179714571 0.0449
973 182682984 0.050904
974 188983227 0.046148
975 197962314 0.049448
976 193682284 0.045908
977 186733326 0.04531
978 210535589 0.040911
979 212597895 0.051521
98 205373184 0.050583
980 215916548 0.056744
981 159053633 0.037245
982 167895699 0.040358
983 195061179 0.047543
984 218059926 0.061188
985 168238487 0.039933
986 210292215 0.056106
987 192836239 0.035567
988 193153636 0.047294
989 205416181 0.05781
99 197798227 0.048383
990 168497492 0.039118
991 166366270 0.040878
992 174230846 0.04142
993 211954802 0.04404
994 213169683 0.038521
995 181977902 0.035879
996 214921003 0.058138
997 204813147 0.047338
998 204604639 0.036184
999 191868076 0.03343
