0 12008045 0.007037
1 11369551 0.005643
10 11044410 0.004265
100 10501134 0.003525
1000 11556383 0.003964
1001 8880958 0.002256
1002 12599422 0.005221
1003 12869345 0.004807
1004 9687231 0.008537
1005 9190719 0.003576
1006 12699372 0.006817
1007 12091022 0.01071
1008 10328070 0.007528
1009 10348498 0.008092
101 9639166 0.004658
1010 8702720 0.005725
1011 11719210 0.008868
1012 8537606 0.003605
1013 8007879 0.002693
1014 8297630 0.002703
1015 9970923 0.004498
1016 10097375 0.004026
1017 11626842 0.004654
1018 8949264 0.002749
1019 10172687 0.003492
102 11614342 0.004975
1020 10679473 0.004232
1021 10664053 0.003793
1022 11224814 0.004102
1023 10464933 0.00343
1024 12465607 0.004472
1025 11350154 0.003511
1026 11816386 0.004672
1027 9072988 0.002098
1028 11247385 0.005
1029 9575633 0.00243
103 10779588 0.003178
1030 11334059 0.003728
1031 10311984 0.003146
1032 11467886 0.00316
1033 12258204 0.004655
1034 9940908 0.002613
1035 9894626 0.002815
1036 8032422 0.001999
1037 10801229 0.003139
1038 12351802 0.004077
1039 11221721 0.003653
104 9357571 0.003178
1040 12160450 0.004264
1041 8871883 0.001652
1042 11974482 0.004694
1043 11338945 0.00376
1044 9503304 0.004197
1045 10706087 0.006721
1046 10935189 0.004175
1047 8033947 0.002164
1048 11612388 0.005905
1049 10552656 0.003685
105 11893837 0.005528
1050 11282453 0.004276
1051 11467095 0.008606
1052 10550239 0.004767
1053 11310385 0.008487
1054 11418681 0.006989
1055 11390293 0.005694
1056 11230837 0.005283
1057 9028328 0.005483
1058 10364390 0.00955
1059 10816763 0.006514
106 8825954 0.004459
1060 10905097 0.009869
1061 10396923 0.004985
1062 11084811 0.008356
1063 11104191 0.008406
1064 8674759 0.004706
1065 11600144 0.006755
1066 10640138 0.005481
1067 12446466 0.006791
1068 12815749 0.007155
1069 10766157 0.007294
107 11376265 0.006014
1070 12235224 0.012963
1071 11363337 0.006474
1072 12334539 0.010667
1073 8812937 0.004981
1074 10055511 0.005969
1075 10826183 0.006075
1076 8741692 0.003891
1077 13047782 0.011756
1078 8816855 0.005298
1079 9866537 0.005555
108 11789260 0.008212
1080 11419541 0.006926
1081 11757108 0.006581
1082 8982424 0.006067
1083 9978922 0.005045
1084 8540602 0.003215
1085 9911036 0.003842
1086 8911273 0.003779
1087 9132848 0.003689
1088 10260937 0.004345
1089 12086424 0.006319
109 9598258 0.003843
1090 12222136 0.006558
1091 11249719 0.005355
1092 11166558 0.004195
1093 9707289 0.004146
1094 12168765 0.005593
1095 9636684 0.003096
1096 9483508 0.003197
1097 10212107 0.003937
1098 12606732 0.005376
1099 9869223 0.005354
11 9366853 0.004183
110 9651121 0.006528
1100 10143516 0.004301
1101 10881539 0.004851
1102 9550818 0.003018
1103 11124656 0.00455
1104 12650958 0.007461
1105 12147962 0.006303
1106 10973426 0.00425
1107 9964958 0.003659
1108 9291330 0.002714
1109 11203161 0.003816
111 10205041 0.003757
1110 8280971 0.002082
1111 9207210 0.00587
1112 12737724 0.006531
1113 8011290 0.002599
1114 10246908 0.004204
1115 9638549 0.004221
1116 12492856 0.005684
1117 13254780 0.005653
1118 12058808 0.005277
1119 8607677 0.002259
112 9938154 0.003839
1120 8897172 0.001741
1121 8777329 0.001712
1122 10546106 0.003014
1123 8986242 0.002956
1124 10941609 0.003532
1125 9993824 0.003123
1126 12492667 0.004496
1127 12485358 0.004471
1128 11597887 0.003678
1129 8702569 0.001998
113 8812106 0.001872
1130 10306951 0.00309
1131 11548941 0.003845
1132 10168090 0.002463
1133 12052720 0.003854
1134 12117690 0.004273
1135 11178923 0.003268
1136 10534757 0.003334
1137 11566712 0.003751
1138 9437367 0.002219
1139 10025787 0.003834
114 12312291 0.004239
1140 11530829 0.005191
1141 10169940 0.003117
1142 11381395 0.00386
1143 11753750 0.003766
1144 11925962 0.004093
1145 8876791 0.005627
1146 11096586 0.006508
1147 12847050 0.00781
1148 10355646 0.003865
1149 11400588 0.005228
115 8858425 0.002886
1150 8097289 0.00243
1151 11410658 0.005342
1152 11307269 0.004363
1153 9516800 0.00291
1154 9471903 0.001889
1155 7811322 0.001705
1156 9023327 0.002352
1157 8501104 0.00235
1158 8467143 0.002454
1159 8705629 0.002171
116 10571138 0.003502
1160 10679621 0.003673
1161 10546260 0.00388
1162 11675250 0.004367
1163 9317027 0.004025
1164 10603111 0.004869
1165 9038848 0.002235
1166 9985658 0.002672
1167 10556339 0.003245
1168 11503508 0.004209
1169 11283890 0.00398
117 11548383 0.004417
1170 11741186 0.003829
1171 11174505 0.003457
1172 8780329 0.002127
1173 11558320 0.004663
1174 11256879 0.003601
1175 8711166 0.001961
1176 11958678 0.004187
1177 9938889 0.002664
1178 11669325 0.004188
1179 12087333 0.00443
118 11838359 0.004262
1180 8964671 0.005928
1181 11180002 0.007812
1182 12397654 0.007379
1183 10441138 0.004032
1184 11597172 0.004755
1185 12629036 0.006334
1186 12131059 0.004926
1187 11115239 0.003917
1188 9219666 0.002877
1189 10252423 0.00815
119 10641462 0.006954
1190 7889178 0.003362
1191 12709952 0.008305
1192 12022242 0.006779
1193 9516829 0.003687
1194 9014628 0.002831
1195 12410765 0.006775
1196 10819521 0.004395
1197 9949773 0.004184
1198 8175862 0.002395
1199 10292964 0.003623
12 8843314 0.00247
120 10841117 0.00325
1200 9032225 0.002789
1201 10431557 0.003401
1202 12510975 0.011582
1203 9660980 0.005226
1204 11107637 0.00841
1205 11419559 0.00851
1206 12005831 0.009145
1207 10876798 0.006738
1208 10364222 0.005968
1209 7763476 0.003136
121 9215423 0.003476
1210 12208524 0.006569
1211 10566552 0.007202
1212 11304405 0.008274
1213 8157969 0.003743
1214 11865107 0.006873
1215 8226740 0.003241
1216 9727161 0.004476
1217 8342965 0.002901
1218 10733147 0.00528
1219 12590046 0.011095
122 9687845 0.005092
1220 11475758 0.00804
1221 9489152 0.007305
1222 11597411 0.009114
1223 8765669 0.004505
1224 11878185 0.007358
1225 10805633 0.007585
1226 8782781 0.005271
1227 8897916 0.004374
1228 9458871 0.005541
1229 10943390 0.005945
123 12387037 0.00827
1230 11219014 0.009716
1231 8252070 0.004464
1232 9084472 0.004509
1233 10846184 0.007014
1234 10443319 0.005906
1235 9830942 0.00524
1236 10279863 0.005686
1237 9450207 0.004122
1238 12659489 0.007545
1239 13102462 0.006779
124 12143517 0.011444
1240 10644117 0.007685
1241 10952227 0.007927
1242 10945575 0.006405
1243 10746687 0.009382
1244 11958561 0.010587
1245 8817842 0.004105
1246 8298839 0.003812
1247 8551342 0.003919
1248 8063522 0.003295
1249 8520652 0.003992
125 12389354 0.007522
1250 8829526 0.003265
1251 11708537 0.006107
1252 11218037 0.004807
1253 8647293 0.003297
1254 11196001 0.005075
1255 11767462 0.005558
1256 8760555 0.002774
1257 11768153 0.009799
1258 10603926 0.004444
1259 12153068 0.004402
126 10246609 0.004535
1260 12896258 0.006725
1261 11926123 0.005365
1262 11456864 0.004907
1263 9709851 0.002881
1264 9598148 0.003214
1265 9744973 0.002954
1266 10780531 0.003829
1267 11736372 0.004528
1268 8427864 0.002107
1269 10804365 0.003641
127 8536247 0.002527
1270 7633968 0.001733
1271 10993512 0.003238
1272 11123604 0.00371
1273 12273544 0.004072
1274 12255286 0.004351
1275 10822230 0.003434
1276 11414775 0.003765
1277 11922778 0.004122
1278 8876542 0.002249
1279 8059719 0.001803
128 9177104 0.002094
1280 10040333 0.003065
1281 10818732 0.003365
1282 8986732 0.00203
1283 12698904 0.004429
1284 10518988 0.006387
1285 11387618 0.00701
1286 12142754 0.005153
1287 11965277 0.005823
1288 11366825 0.007808
1289 8729965 0.003558
129 10899366 0.007962
1290 8689815 0.003127
1291 10952222 0.008002
1292 12624180 0.008336
1293 8155668 0.003322
1294 7894448 0.003022
1295 10856453 0.009139
1296 10834432 0.005885
1297 8752169 0.003523
1298 11222160 0.005511
1299 8034522 0.002801
13 9345225 0.004228
130 11846709 0.006094
1300 12419936 0.005927
1301 8519086 0.002026
1302 12613793 0.004944
1303 10121153 0.003257
1304 12808611 0.005177
1305 10802207 0.008239
1306 10806818 0.004541
1307 8537760 0.002852
1308 10638464 0.003863
1309 9429470 0.006549
131 12376062 0.006512
1310 10925819 0.005116
1311 9905819 0.00342
1312 9441246 0.00317
1313 8723451 0.003072
1314 11040335 0.003915
1315 11801570 0.005681
1316 12791398 0.012066
1317 9545796 0.0057
1318 13364794 0.008174
1319 10475657 0.006589
132 9076192 0.003324
1320 11773559 0.005595
1321 10017831 0.004844
1322 10753764 0.00425
1323 9433012 0.006306
1324 8346037 0.004217
1325 10989405 0.007486
1326 10722914 0.005411
1327 11007250 0.006402
1328 8756362 0.003416
1329 11194440 0.006182
133 9280896 0.003832
1330 12376976 0.005929
1331 12156283 0.006263
1332 11127958 0.004968
1333 9104464 0.003287
1334 12515851 0.009432
1335 8838344 0.004459
1336 12250678 0.008238
1337 12084801 0.007486
1338 12118950 0.011068
1339 12112578 0.008047
134 10329864 0.005333
1340 11457084 0.005879
1341 9000422 0.007091
1342 8692633 0.004868
1343 7948211 0.003768
1344 11539571 0.006493
1345 10665919 0.007
1346 11467031 0.007102
1347 9804437 0.004349
1348 9709153 0.005847
1349 9023369 0.003911
135 11369895 0.005896
1350 10721584 0.005856
1351 12625733 0.012
1352 11186086 0.00752
1353 8195382 0.004373
1354 11185022 0.006067
1355 9455537 0.006846
1356 9907096 0.006634
1357 9125721 0.005014
1358 10888053 0.007836
1359 10469424 0.006063
136 9618248 0.004504
1360 12594197 0.006719
1361 11372466 0.006506
1362 8350590 0.003654
1363 10954549 0.006041
1364 10256004 0.004056
1365 9737841 0.003817
1366 10761562 0.004146
1367 11652184 0.004875
1368 8527360 0.002951
1369 11094214 0.003745
137 9165791 0.002297
1370 11212443 0.003922
1371 9387226 0.002766
1372 9033384 0.002069
1373 12036882 0.004712
1374 11361100 0.004166
1375 8484263 0.001811
1376 10446115 0.003043
1377 12406296 0.003998
1378 11539112 0.003703
1379 10645935 0.003731
138 8843317 0.001818
1380 10651968 0.003141
1381 11708601 0.003832
1382 10981135 0.003636
1383 9113315 0.002435
1384 11959517 0.00401
1385 7811193 0.001908
1386 11551235 0.003395
1387 8742467 0.001847
1388 10530317 0.002628
1389 9082110 0.004917
139 11145212 0.004367
1390 10440389 0.00438
1391 11380214 0.003876
1392 12017819 0.004298
1393 11013421 0.003299
1394 12295086 0.004047
1395 10706978 0.003239
1396 10938195 0.002989
1397 12127720 0.004363
1398 11591835 0.00363
1399 8814833 0.002213
14 8880867 0.002125
140 8410887 0.001636
1400 8721612 0.004094
1401 10065396 0.003583
1402 8692443 0.002612
1403 11512559 0.004751
1404 12205142 0.005345
1405 9546645 0.003057
1406 10215556 0.003308
1407 8880117 0.00226
1408 12685250 0.005079
1409 9457195 0.002262
141 13171172 0.004302
1410 9230217 0.002187
1411 13316051 0.00481
1412 10054781 0.002482
1413 11886963 0.004477
1414 9055177 0.002144
1415 10660186 0.003423
1416 13453080 0.004323
1417 10675294 0.003245
1418 12641701 0.00441
1419 12372695 0.004221
142 10429845 0.00859
1420 9937901 0.003637
1421 12197651 0.006888
1422 10919302 0.004377
1423 9170202 0.003284
1424 10964119 0.004649
1425 10507357 0.003664
1426 12312935 0.005354
1427 9100981 0.003045
1428 11269411 0.004577
1429 11622025 0.004362
143 9599625 0.002598
1430 11830865 0.004103
1431 8988379 0.002174
1432 11116889 0.004116
1433 11552352 0.007015
1434 8606330 0.002555
1435 11978440 0.006575
1436 12505798 0.006206
1437 9771715 0.003168
1438 11267447 0.004346
1439 12692101 0.005812
144 11730680 0.004795
1440 10392503 0.003436
1441 10374946 0.002906
1442 10474020 0.003586
1443 10812035 0.003945
1444 12912038 0.009218
1445 9692148 0.004452
1446 12038369 0.006611
1447 7729506 0.002802
1448 9233967 0.003336
1449 9623651 0.004084
145 8383187 0.003089
1450 9493981 0.003448
1451 12752624 0.00588
1452 9718928 0.003441
1453 12202470 0.004933
1454 10403169 0.003623
1455 11124271 0.004347
1456 12414103 0.005642
1457 9089638 0.002889
1458 8766091 0.002522
1459 9784220 0.003117
146 11554047 0.004406
1460 11985989 0.004442
1461 11860164 0.004414
1462 8061863 0.001818
1463 12934075 0.004783
1464 9009627 0.004678
1465 8832341 0.002429
1466 11952769 0.010576
1467 9007454 0.004239
1468 11990463 0.012103
1469 11503486 0.009684
147 10839217 0.007972
1470 11369384 0.007354
1471 10675346 0.006299
1472 12144741 0.006891
1473 8808739 0.008217
1474 10198717 0.006771
1475 9859254 0.008397
1476 8413963 0.00491
1477 11230982 0.008066
1478 12208476 0.008266
1479 9921820 0.005206
148 10140527 0.005128
1480 9812372 0.005134
1481 10210855 0.004203
1482 10417458 0.009485
1483 10967479 0.00684
1484 9943356 0.005992
1485 10307556 0.004972
1486 10257699 0.004898
1487 10333920 0.008885
1488 11170958 0.008822
1489 8616144 0.003895
149 11266404 0.007845
1490 11538448 0.007053
1491 9478407 0.004
1492 12871080 0.006551
1493 11913719 0.011495
1494 9507228 0.006625
1495 12044852 0.008181
1496 8746933 0.00372
1497 10120067 0.005867
1498 11163080 0.009557
1499 11362069 0.008004
15 9240663 0.004416
150 9230118 0.00536
1500 12645016 0.009931
1501 9988687 0.005998
1502 8196071 0.005404
1503 10258796 0.007272
1504 9982109 0.006594
1505 8710109 0.003898
1506 12097824 0.007672
1507 10509179 0.009439
1508 7485593 0.00438
1509 9403713 0.005443
151 8077346 0.003645
1510 9226791 0.004214
1511 9671800 0.007117
1512 10032053 0.006183
1513 9699057 0.005424
1514 11981170 0.008102
1515 11450738 0.006899
1516 10630776 0.007537
1517 10535937 0.006699
1518 13147750 0.008803
1519 11652774 0.00653
152 11626754 0.006371
1520 9767871 0.00406
1521 9363233 0.003386
1522 10812049 0.007821
1523 10159282 0.005649
1524 12861789 0.010719
1525 8621512 0.006009
1526 10563811 0.006972
1527 9135732 0.004358
1528 9677296 0.005713
1529 8698700 0.003498
153 10715166 0.005816
1530 8871735 0.004105
1531 11587023 0.009605
1532 9659289 0.004603
1533 11573580 0.007
1534 11828956 0.006956
1535 12149998 0.012375
1536 11441987 0.009158
1537 8654001 0.00625
1538 10214222 0.005655
1539 10225850 0.005387
154 12711989 0.007948
1540 9803154 0.004615
1541 8918080 0.004964
1542 12662196 0.009048
1543 12776498 0.007687
1544 12458746 0.007343
1545 8719362 0.002984
1546 12275280 0.005204
1547 10587607 0.004213
1548 10537391 0.004048
1549 9952953 0.003669
155 12739670 0.005652
1550 12526310 0.005711
1551 10168789 0.003263
1552 11268226 0.004024
1553 10760806 0.003326
1554 12082693 0.004135
1555 10119631 0.002925
1556 10741777 0.003145
1557 11936845 0.003642
1558 9780109 0.002843
1559 11426004 0.003686
156 9118222 0.002415
1560 8859212 0.001955
1561 12846178 0.003723
1562 10708834 0.00356
1563 11646653 0.003587
1564 10222170 0.008418
1565 8427011 0.004512
1566 12343504 0.00871
1567 9870789 0.004037
1568 8389912 0.002979
1569 10613081 0.005371
157 8892343 0.003383
1570 10776356 0.005653
1571 9646315 0.004368
1572 10908911 0.005347
1573 9048625 0.002545
1574 11892984 0.005686
1575 4191539 0.003048
1576 12394980 0.005265
1577 12133636 0.005413
1578 10473179 0.003891
1579 10441308 0.003179
158 11057712 0.00315
1580 9195955 0.002339
1581 11955923 0.00951
1582 10922133 0.005379
1583 9027074 0.003909
1584 8818987 0.003387
1585 10150603 0.004466
1586 9185551 0.003697
1587 10542529 0.00525
1588 11616699 0.005469
1589 8254264 0.002439
159 8825108 0.002537
1590 8325223 0.005233
1591 8426499 0.003955
1592 8604921 0.003948
1593 10828624 0.006494
1594 11109463 0.007142
1595 10629369 0.004929
1596 10599958 0.008907
1597 9866841 0.006164
1598 11175715 0.006803
1599 8579434 0.004102
16 11881656 0.006118
160 8897610 0.003634
1600 11722054 0.006439
1601 12949669 0.006447
1602 8723860 0.002747
1603 10958253 0.010282
1604 10967840 0.006246
1605 12304826 0.006018
1606 9972179 0.003627
1607 9271222 0.003576
1608 8893044 0.003336
1609 10669306 0.003825
161 10769191 0.003773
1610 10762828 0.004381
1611 8255582 0.002237
1612 11168704 0.003402
1613 8743841 0.002223
1614 8232585 0.002004
1615 9363033 0.002442
1616 8937692 0.002318
1617 10318933 0.003112
1618 8659735 0.002219
1619 10263476 0.003129
162 11763130 0.004115
1620 11874240 0.003724
1621 9229449 0.002523
1622 12706821 0.004465
1623 10567355 0.002667
1624 12387774 0.004219
1625 12115717 0.004052
1626 9750244 0.00253
1627 12014161 0.008711
1628 11339512 0.004358
1629 9151127 0.002898
163 10742452 0.003951
1630 11065770 0.004314
1631 11267560 0.004736
1632 8035143 0.002145
1633 8002024 0.002112
1634 11317060 0.004675
1635 12739025 0.005327
1636 10078879 0.003111
1637 12387374 0.00442
1638 12052729 0.004427
1639 11805231 0.003978
164 12229573 0.004358
1640 11310002 0.003452
1641 9373016 0.002053
1642 12852234 0.004349
1643 10249662 0.002888
1644 8799447 0.001932
1645 12446563 0.003653
1646 11174582 0.003738
1647 9882986 0.003102
1648 10044907 0.003704
1649 11650667 0.003923
165 9772634 0.002437
1650 8947237 0.002227
1651 12231889 0.003825
1652 12404905 0.003446
1653 12355151 0.003963
1654 11122703 0.003174
1655 7227047 0.002647
1656 10972314 0.003166
1657 11922187 0.007583
1658 8410884 0.002554
1659 12191835 0.007618
166 11994700 0.006665
1660 13163759 0.010766
1661 11154654 0.008603
1662 12903024 0.008152
1663 9081955 0.004418
1664 8301587 0.003387
1665 12279624 0.006273
1666 10504580 0.003804
1667 12802801 0.006478
1668 9216965 0.003012
1669 12722751 0.006137
167 12618561 0.004807
1670 12783021 0.005272
1671 12324896 0.004679
1672 8777341 0.002103
1673 10706801 0.008235
1674 10702194 0.009682
1675 9011746 0.004348
1676 12071482 0.008488
1677 8421713 0.003461
1678 9414947 0.003927
1679 12770126 0.006528
168 11162770 0.005324
1680 9057308 0.003596
1681 11477810 0.004983
1682 12502846 0.006259
1683 9942786 0.007459
1684 9385831 0.005342
1685 11743047 0.008757
1686 10045390 0.007236
1687 8806617 0.004603
1688 11070169 0.007782
1689 8478872 0.003945
169 9114371 0.004472
1690 9423523 0.006466
1691 9654750 0.0051
1692 8555219 0.00367
1693 10891493 0.00516
1694 8942757 0.003238
1695 8606142 0.002976
1696 11167836 0.005448
1697 9840643 0.004432
1698 11370771 0.004572
1699 8708674 0.006315
17 11704644 0.008689
170 11664703 0.00803
1700 12112132 0.007035
1701 8383877 0.003632
1702 11931195 0.006773
1703 10151056 0.007462
1704 10441303 0.006556
1705 11438285 0.008152
1706 8750541 0.005146
1707 12000242 0.008574
1708 11829287 0.00825
1709 12402565 0.011891
171 9666332 0.005646
1710 10549380 0.00934
1711 9774137 0.006377
1712 11935382 0.007892
1713 8521787 0.004201
1714 8495824 0.003986
1715 9595307 0.004242
1716 11693708 0.006337
1717 11658917 0.007335
1718 10029427 0.004849
1719 10577822 0.004732
172 8716155 0.003143
1720 11580914 0.005831
1721 9043156 0.003145
1722 8691116 0.002508
1723 12792527 0.006537
1724 13016107 0.00558
1725 10987482 0.004276
1726 8879410 0.002579
1727 9439170 0.00226
1728 9587050 0.002425
1729 10557822 0.003843
173 12813537 0.004325
1730 13496086 0.004506
1731 11303849 0.003109
1732 11944182 0.003792
1733 10661139 0.003415
1734 9553512 0.002298
1735 12020989 0.003916
1736 9821753 0.00198
1737 9722420 0.002628
1738 10426169 0.002824
1739 8938657 0.003363
174 10206107 0.004036
1740 12238717 0.005495
1741 12492449 0.005024
1742 9141300 0.002582
1743 10575699 0.003273
1744 8973948 0.002215
1745 11764536 0.009622
1746 8906451 0.003432
1747 11070912 0.006039
1748 8112067 0.003005
1749 9030799 0.003701
175 9253257 0.004113
1750 11128299 0.008409
1751 8333118 0.003356
1752 13435618 0.007847
1753 8238225 0.002747
1754 10474495 0.005777
1755 12261559 0.006511
1756 10842065 0.010284
1757 12632910 0.010318
1758 8620600 0.004035
1759 9416349 0.00487
176 11884722 0.011509
1760 11335055 0.00797
1761 9580757 0.005902
1762 8879577 0.00427
1763 9991491 0.005154
1764 11337142 0.006403
1765 9518082 0.004293
1766 10497195 0.005338
1767 9416828 0.00337
1768 12323111 0.006583
1769 12257774 0.006262
177 10501415 0.004431
1770 9581890 0.003101
1771 11466122 0.004536
1772 11975837 0.010599
1773 11625674 0.008554
1774 11401316 0.006063
1775 13481331 0.01148
1776 11952316 0.008637
1777 8922612 0.003908
1778 9551052 0.005474
1779 10222428 0.005057
178 11547673 0.006611
1780 11676839 0.006448
1781 9686591 0.003944
1782 9197585 0.003103
1783 10558051 0.00399
1784 9374826 0.003379
1785 12640157 0.010942
1786 11535026 0.010127
1787 11511080 0.007725
1788 10467750 0.006397
1789 9983140 0.008595
179 11959724 0.00992
1790 10262227 0.005986
1791 9470341 0.00415
1792 13213643 0.006769
1793 10569950 0.005976
1794 12576384 0.01249
1795 12187867 0.010465
1796 11258295 0.008161
1797 10267845 0.010968
1798 11411170 0.008566
1799 12634335 0.009199
18 10620436 0.006529
180 11474978 0.005382
1800 11863899 0.010665
1801 11485488 0.008213
1802 11393078 0.008706
1803 11058325 0.006308
1804 12621254 0.007489
1805 10928153 0.008643
1806 12627005 0.010517
1807 9276887 0.004464
1808 12328707 0.007852
1809 10891260 0.008903
181 9646468 0.005664
1810 10180029 0.007336
1811 10072959 0.00511
1812 9225203 0.0059
1813 10529515 0.006942
1814 12526950 0.008748
1815 10873614 0.007179
1816 10486874 0.007595
1817 11606440 0.008597
1818 11175954 0.008297
1819 9878998 0.005751
182 12499379 0.007425
1820 11168621 0.005882
1821 12525364 0.006815
1822 8657892 0.004733
1823 11737768 0.007327
1824 12840104 0.008151
1825 9758200 0.004138
1826 10177620 0.004049
1827 8387481 0.003118
1828 11443241 0.006779
1829 8861411 0.002802
183 10754317 0.009016
1830 12417972 0.009577
1831 11941981 0.009849
1832 11440776 0.006128
1833 11554119 0.010528
1834 12293072 0.011005
1835 12194969 0.008246
1836 11430313 0.007883
1837 10786101 0.006138
1838 9624480 0.003904
1839 11152258 0.006345
184 11680905 0.010548
1840 10509446 0.007156
1841 11085538 0.008372
1842 11586240 0.007207
1843 9156163 0.003822
1844 9451757 0.003894
1845 9724766 0.008266
1846 9615592 0.005454
1847 9619012 0.006399
1848 9412942 0.006127
1849 9649873 0.005915
185 8967463 0.00403
1850 11968226 0.008381
1851 12746390 0.011381
1852 8148867 0.004064
1853 8648806 0.003699
1854 9761786 0.00501
1855 9793703 0.004508
1856 12621799 0.007852
1857 11023811 0.004679
1858 11104945 0.006224
1859 11953976 0.00558
186 8420059 0.002627
1860 12317519 0.009611
1861 12397133 0.009586
1862 10473179 0.005701
1863 12193378 0.01034
1864 9517071 0.005327
1865 8727360 0.003723
1866 11940821 0.006967
1867 12092274 0.007072
1868 12141156 0.006508
1869 10810706 0.004351
187 9198673 0.002939
1870 11795185 0.005294
1871 10514094 0.003662
1872 8207072 0.002146
1873 11091280 0.004011
1874 11980232 0.004941
1875 8133214 0.003876
1876 8157477 0.002208
1877 9285134 0.002547
1878 7873916 0.003081
1879 10222790 0.003442
188 12081337 0.004711
1880 10382868 0.003395
1881 9074096 0.002875
1882 13535116 0.010949
1883 8364472 0.004084
1884 11213378 0.009653
1885 12348699 0.007665
1886 11581984 0.006711
1887 11181056 0.005008
1888 11194601 0.009383
1889 11894982 0.010419
189 12478991 0.010055
1890 9609676 0.005461
1891 9190329 0.003949
1892 12019203 0.008081
1893 10074480 0.003302
1894 10466870 0.004699
1895 10835412 0.004501
1896 8154199 0.002591
1897 11700084 0.006067
1898 9805299 0.00361
1899 11291264 0.009677
19 11094170 0.007085
190 8086278 0.006084
1900 11216489 0.0098
1901 10293747 0.00726
1902 8052489 0.003823
1903 9271572 0.004722
1904 8969895 0.003529
1905 11550778 0.010519
1906 12022866 0.0089
1907 10952327 0.007015
1908 11297525 0.006095
1909 11237552 0.006583
191 8098711 0.002916
1910 10025152 0.003532
1911 8491067 0.002693
1912 11804565 0.011148
1913 13158312 0.009787
1914 11651301 0.010246
1915 8334802 0.00452
1916 9483618 0.00479
1917 10841898 0.006091
1918 10230063 0.005163
1919 8979871 0.003751
192 9201266 0.006396
1920 11606031 0.007366
1921 12474110 0.007634
1922 10660794 0.010005
1923 9757024 0.005783
1924 10929341 0.009261
1925 9370158 0.005444
1926 8873683 0.004626
1927 9090614 0.004367
1928 12766026 0.007593
1929 12024203 0.011292
193 11759649 0.010141
1930 7573531 0.003667
1931 11037329 0.00631
1932 11529036 0.006684
1933 10323178 0.004605
1934 10247989 0.003838
1935 11659878 0.005078
1936 13016537 0.004319
1937 8877891 0.002617
1938 10842968 0.00395
1939 9596637 0.002223
194 7963577 0.002119
1940 12010893 0.00394
1941 8889101 0.002207
1942 8697280 0.002642
1943 10384447 0.002741
1944 10110930 0.003146
1945 10461168 0.00407
1946 11233340 0.002763
1947 9770815 0.005511
1948 12238218 0.004262
1949 11247550 0.004121
195 8600144 0.001974
1950 12648279 0.004691
1951 9460483 0.002927
1952 11502892 0.003691
1953 11648036 0.003755
1954 11907130 0.003858
1955 9263459 0.001987
1956 8915990 0.002047
1957 10382098 0.002872
1958 10458603 0.00277
1959 12714633 0.004422
196 12044136 0.003836
1960 10716986 0.002967
1961 8435092 0.001954
1962 9846448 0.002499
1963 8388152 0.001758
1964 11379627 0.003854
1965 8560134 0.001669
1966 11200516 0.003303
1967 12083522 0.004291
1968 7867195 0.001683
1969 12243544 0.0043
197 12050754 0.004542
1970 12608408 0.004247
1971 9026369 0.002103
1972 10423538 0.002711
1973 10578956 0.002831
1974 8530263 0.001654
1975 10644147 0.004694
1976 10438210 0.004569
1977 9596380 0.003781
1978 9506866 0.003416
1979 8719346 0.002596
198 11952210 0.004363
1980 11125410 0.003828
1981 11327786 0.004812
1982 10616855 0.003832
1983 10749324 0.00371
1984 8822251 0.002408
1985 11161771 0.003452
1986 9506011 0.002373
1987 8967357 0.001969
1988 10015038 0.002334
1989 8865812 0.001699
199 11342679 0.003299
1990 8665284 0.002143
1991 10317141 0.002697
1992 9969170 0.002807
1993 9638833 0.002269
1994 10043098 0.002473
1995 9620975 0.002309
1996 9186902 0.003312
1997 8840959 0.002848
1998 11585990 0.003361
1999 10897585 0.00304
2 11554902 0.004238
20 7057843 0.002459
200 8866166 0.002748
2000 10543840 0.003942
2001 11061862 0.004936
2002 12728175 0.011266
2003 11768925 0.008663
2004 10984416 0.006714
2005 12345851 0.007727
2006 9657692 0.005143
2007 8670324 0.003064
2008 10395859 0.006829
2009 10163048 0.007677
201 10155178 0.006262
2010 10319386 0.005997
2011 9971500 0.003589
2012 8735567 0.003461
2013 12779141 0.006773
2014 12765048 0.006113
2015 8190396 0.001946
2016 12074382 0.005017
2017 9707927 0.002993
2018 7857604 0.001803
2019 10799014 0.003147
202 10622727 0.003791
2020 12722900 0.005067
2021 10211562 0.003488
2022 11120757 0.003442
2023 8208588 0.001918
2024 10366997 0.003213
2025 7867118 0.001956
2026 9193714 0.002046
2027 8869405 0.00261
2028 10852672 0.003533
2029 11193523 0.003502
203 9835198 0.003341
2030 11754147 0.004302
2031 10793794 0.002966
2032 9687654 0.002796
2033 9428451 0.002836
2034 12824743 0.004678
2035 12983154 0.004429
2036 9377545 0.002511
2037 12186694 0.004297
2038 10098845 0.005453
2039 10082517 0.003823
204 8265440 0.002077
2040 9712812 0.002965
2041 10204471 0.003676
2042 10606169 0.003741
2043 9827414 0.00285
2044 10663406 0.003972
2045 8135786 0.00199
2046 9988320 0.003031
2047 9095121 0.002193
2048 10344335 0.002956
2049 10625456 0.003128
205 11552039 0.004536
2050 9308967 0.002354
2051 3699081 0.003723
2052 10709309 0.005952
2053 9945786 0.002941
2054 10356700 0.003089
2055 12890198 0.004234
2056 12002473 0.011028
2057 11305402 0.007268
2058 11518704 0.007035
2059 10661645 0.004467
206 12604064 0.006339
2060 9457628 0.003972
2061 8030057 0.005624
2062 10642378 0.00856
2063 8374005 0.003474
2064 12199000 0.007619
2065 8823570 0.00273
2066 10113212 0.00443
2067 9395604 0.006242
2068 10536825 0.00626
2069 11704602 0.007786
207 8654259 0.003368
2070 7265809 0.003122
2071 10868181 0.005726
2072 12623179 0.006978
2073 9509723 0.003497
2074 10113380 0.003859
2075 10585247 0.00337
2076 12551255 0.005914
2077 10972830 0.004782
2078 12478400 0.009727
2079 11085803 0.006155
208 10423080 0.005771
2080 10417440 0.005488
2081 11351177 0.005851
2082 11607316 0.005442
2083 8932865 0.003128
2084 8018144 0.002521
2085 9256696 0.002734
2086 10126974 0.003408
2087 9826838 0.006785
2088 10669295 0.006433
2089 10742153 0.006967
209 10243380 0.008263
2090 9692547 0.004657
2091 10167253 0.005811
2092 10718050 0.005987
2093 11205368 0.00703
2094 8652125 0.003821
2095 9262783 0.003876
2096 10646234 0.005846
2097 8821276 0.005472
2098 9062316 0.004511
2099 13022740 0.008472
21 10459727 0.005404
210 9094853 0.003437
2100 11823604 0.006728
2101 11455853 0.005078
2102 12382477 0.006846
2103 10436377 0.00393
2104 11676111 0.005545
2105 9642042 0.002986
2106 11382065 0.003885
2107 9323323 0.006866
2108 11373754 0.006798
2109 10198135 0.006637
211 10000938 0.006127
2110 12105497 0.007303
2111 12612332 0.008158
2112 11163486 0.008289
2113 11791796 0.009682
2114 11875266 0.008811
2115 9316359 0.005018
2116 8360610 0.003287
2117 8663178 0.003389
2118 10982596 0.008948
2119 9377003 0.005148
212 11488684 0.007991
2120 9325723 0.006553
2121 8657316 0.005981
2122 9656804 0.005021
2123 9985763 0.007372
2124 11942006 0.010817
2125 11604613 0.010814
2126 9338844 0.006051
2127 9562000 0.004859
2128 9429603 0.004821
2129 11836661 0.006778
213 7534796 0.003112
2130 9777837 0.003948
2131 9582252 0.004295
2132 9652574 0.003774
2133 10607531 0.005434
2134 11049666 0.005484
2135 8828030 0.002727
2136 12153195 0.00575
2137 11915733 0.004693
2138 8617968 0.001919
2139 8546725 0.001964
214 8341750 0.002044
2140 10293546 0.003094
2141 10452572 0.002938
2142 6979334 0.002687
2143 11116392 0.003349
2144 11186036 0.003392
2145 10620966 0.003112
2146 8090183 0.001885
2147 9513748 0.002626
2148 8810905 0.002258
2149 12685751 0.004488
215 7799790 0.001668
2150 11460710 0.003795
2151 8637988 0.001684
2152 11948717 0.007691
2153 10996332 0.006097
2154 9780431 0.003871
2155 11802915 0.005366
2156 9229845 0.005242
2157 12337963 0.012707
2158 11284036 0.008353
2159 10212996 0.006891
216 9091106 0.004071
2160 12497323 0.008154
2161 9756793 0.004147
2162 8704073 0.002299
2163 12838861 0.005974
2164 12058546 0.005704
2165 12440641 0.005569
2166 12654422 0.005403
2167 12078312 0.004393
2168 12407317 0.0048
2169 8416964 0.002106
217 9243450 0.002642
2170 10905332 0.003432
2171 9225344 0.00248
2172 10544458 0.003572
2173 10285884 0.002743
2174 12441389 0.004221
2175 8909235 0.001843
2176 8369660 0.001802
2177 10389707 0.002874
2178 10285599 0.002966
2179 11272607 0.009625
218 11890528 0.007264
2180 8950178 0.006335
2181 10604546 0.007565
2182 13171866 0.008927
2183 10026775 0.004939
2184 10859898 0.006534
2185 8771779 0.003672
2186 10913611 0.00521
2187 9273635 0.003257
2188 9929434 0.003127
2189 9978594 0.003955
219 11348910 0.004776
2190 9798924 0.003672
2191 10740923 0.004201
2192 10529304 0.004212
2193 11588470 0.004079
2194 9893473 0.003079
2195 8167282 0.001996
2196 12565764 0.004512
2197 11211904 0.004207
2198 10825006 0.003262
2199 12648809 0.004381
22 9009780 0.002043
220 10020705 0.002944
2200 11627416 0.004728
2201 11090389 0.003724
2202 11381095 0.004143
2203 8078563 0.004418
2204 11731580 0.004849
2205 9558026 0.003392
2206 11949170 0.004857
2207 9815003 0.00353
2208 9066976 0.003668
2209 12249294 0.005253
221 12261392 0.009156
2210 8648445 0.00374
2211 10326689 0.004564
2212 12799369 0.007099
2213 12024174 0.006137
2214 8874019 0.005002
2215 12957437 0.006323
2216 12180277 0.005434
2217 8270393 0.002112
2218 9809206 0.00303
2219 10601216 0.003426
222 12134088 0.004338
2220 9463471 0.0024
2221 12225663 0.004621
2222 11014364 0.003303
2223 10932876 0.003517
2224 11099401 0.003548
2225 8791782 0.002342
2226 11099219 0.003654
2227 12487523 0.004378
2228 8742571 0.001783
2229 11418629 0.003572
223 8792470 0.001774
2230 10869245 0.003375
2231 10594725 0.003243
2232 9024548 0.002028
2233 11632507 0.010138
2234 12585252 0.010458
2235 12593657 0.006529
2236 11228853 0.005615
2237 12759089 0.006261
2238 8325189 0.002268
2239 8857439 0.002785
224 11232618 0.005243
2240 12457432 0.004814
2241 10259714 0.003181
2242 12123262 0.004661
2243 10958428 0.00345
2244 9435197 0.001913
2245 11342578 0.003999
2246 10520074 0.003002
2247 11078691 0.00467
2248 10473340 0.003357
2249 11573003 0.004324
225 10479054 0.002775
2250 9632287 0.002325
2251 9652473 0.00238
2252 8309507 0.001693
2253 11444857 0.004304
2254 8971570 0.001892
2255 12580806 0.004159
2256 11371372 0.003325
2257 10284528 0.002797
2258 9826654 0.002664
2259 7510725 0.001631
226 7737852 0.001697
2260 8180238 0.001702
2261 10170007 0.002765
2262 12560618 0.004043
2263 12118858 0.00471
2264 9124912 0.002095
2265 10921662 0.003667
2266 12669877 0.004075
2267 10899003 0.003142
2268 9655201 0.006514
2269 9169600 0.00293
227 9253461 0.004356
2270 11301928 0.006118
2271 8487236 0.003458
2272 9422745 0.003735
2273 10536878 0.004541
2274 11126333 0.005211
2275 11622015 0.009324
2276 12357133 0.009631
2277 12712753 0.006837
2278 9373695 0.003262
2279 10842805 0.005947
228 11583371 0.005632
2280 8784951 0.003367
2281 12312246 0.006588
2282 10502743 0.004113
2283 11734014 0.009484
2284 9103083 0.004514
2285 8755277 0.003366
2286 12028960 0.007611
2287 10604957 0.00517
2288 12093884 0.006197
2289 10206318 0.004462
229 12530851 0.007792
2290 10650216 0.006413
2291 12447609 0.006331
2292 10836429 0.00406
2293 12113864 0.006387
2294 11448343 0.004612
2295 13221366 0.005693
2296 13074121 0.004781
2297 12369364 0.004907
2298 9814127 0.002874
2299 8565852 0.001871
23 11283446 0.004147
230 10241142 0.002784
2300 8974237 0.002091
2301 10486181 0.007803
2302 10638160 0.007506
2303 12203035 0.007427
2304 9213700 0.00396
2305 12510651 0.006316
2306 11399404 0.005328
2307 12016743 0.005325
2308 8382325 0.002284
2309 12381577 0.011284
231 10730818 0.005586
2310 11037777 0.005332
2311 10188016 0.004094
2312 9431723 0.006953
2313 8979935 0.005917
2314 9249510 0.005206
2315 9363905 0.004627
2316 12475073 0.007676
2317 10233632 0.004302
2318 11914793 0.007018
2319 11192401 0.008313
232 8807364 0.004249
2320 9951883 0.005018
2321 12157715 0.007265
2322 10942257 0.009173
2323 11030780 0.007454
2324 8505276 0.004544
2325 10818456 0.006398
2326 12156587 0.006746
2327 11063683 0.006508
2328 8620071 0.002859
2329 8907482 0.003369
233 11783566 0.005468
2330 11132780 0.004984
2331 9699534 0.003283
2332 10259037 0.003494
2333 11470028 0.004108
2334 11680200 0.004626
2335 10616320 0.003209
2336 11346899 0.00465
2337 10151605 0.002595
2338 8376402 0.002174
2339 11970223 0.004047
234 13143657 0.005317
2340 12949189 0.004684
2341 8572235 0.001994
2342 9137375 0.002498
2343 12071754 0.004456
2344 9947434 0.003464
2345 12577687 0.004706
2346 10649458 0.00377
2347 13114479 0.004696
2348 11823653 0.004167
2349 9291162 0.002313
235 10407665 0.003641
2350 11585695 0.003874
2351 9471443 0.002266
2352 10628433 0.003147
2353 9142251 0.001961
2354 8217900 0.001763
2355 11182430 0.002831
2356 11054933 0.003696
2357 11058086 0.009734
2358 10335307 0.005028
2359 12603639 0.007609
236 9113353 0.002876
2360 10020337 0.005336
2361 9965547 0.004218
2362 12479609 0.006611
2363 10485912 0.003451
2364 9458702 0.003167
2365 12105021 0.004786
2366 9593642 0.003185
2367 9536161 0.002817
2368 12109713 0.004898
2369 8435243 0.002194
237 9659695 0.002991
2370 8295708 0.005703
2371 7941478 0.004415
2372 8258155 0.004335
2373 9576101 0.00529
2374 10164951 0.005081
2375 10035984 0.004718
2376 10965825 0.005169
2377 11521734 0.006255
2378 9998409 0.003863
2379 9441666 0.003418
238 12026843 0.003746
2380 8903965 0.002576
2381 10464564 0.004138
2382 12062408 0.003995
2383 8871815 0.002644
2384 11156717 0.003168
2385 10359381 0.002865
2386 12199866 0.004087
2387 12797056 0.009407
2388 9243949 0.003923
2389 11043803 0.005774
239 9020699 0.003333
2390 8604229 0.003138
2391 9411293 0.003499
2392 12415041 0.006162
2393 12085206 0.005235
2394 8909673 0.002902
2395 9348374 0.002551
2396 7857473 0.002096
2397 12948533 0.004771
2398 10289141 0.003587
2399 12308049 0.005082
24 9866307 0.005537
240 11025391 0.004913
2400 12117993 0.006103
2401 9649077 0.003942
2402 10759529 0.005867
2403 12345238 0.006659
2404 11716894 0.006163
2405 9050214 0.00558
2406 10484682 0.006044
2407 10752082 0.006406
2408 13073766 0.007544
2409 11443277 0.005455
241 11614413 0.00539
2410 8726821 0.002884
2411 11176467 0.005552
2412 9572033 0.00505
2413 8857504 0.002734
2414 10500407 0.003803
2415 10238981 0.003683
2416 10039862 0.0043
2417 8870026 0.002816
2418 12033058 0.00501
2419 10026462 0.003689
242 9623037 0.003184
2420 8725203 0.002391
2421 9753794 0.003371
2422 8979484 0.002359
2423 10705553 0.004357
2424 11093804 0.004283
2425 10100072 0.003142
2426 11101479 0.004341
2427 12515970 0.00512
2428 11102520 0.003476
2429 8465655 0.001958
243 12600365 0.004575
2430 11537270 0.003341
2431 11153816 0.002945
2432 12364841 0.004219
2433 9059933 0.002253
2434 10205809 0.00312
2435 11638187 0.004083
2436 8718636 0.00183
2437 12772799 0.004021
2438 10524436 0.002921
2439 7581317 0.001637
244 12349999 0.004619
2440 9058333 0.001866
2441 10631318 0.003121
2442 11635245 0.003784
2443 12146623 0.004179
2444 8316769 0.001875
2445 11363903 0.003763
2446 9083369 0.001979
2447 9500270 0.002444
2448 7513111 0.005009
2449 9265913 0.004079
245 9016126 0.00368
2450 9373129 0.00277
2451 10701756 0.005325
2452 11345205 0.004804
2453 11524098 0.005043
2454 12081395 0.005043
2455 8289844 0.002242
2456 9311191 0.003072
2457 9307495 0.002441
2458 12221321 0.00499
2459 9936375 0.003609
246 11566783 0.004688
2460 11216967 0.003997
2461 10847554 0.009728
2462 11535720 0.008866
2463 11524122 0.007838
2464 12465083 0.012749
2465 9154683 0.005535
2466 7528107 0.004218
2467 12456657 0.008622
2468 9348151 0.003941
2469 9765085 0.00499
247 12242504 0.007455
2470 9604904 0.004307
2471 8245543 0.003024
2472 12172292 0.006163
2473 9801442 0.003541
2474 9499508 0.003603
2475 9557910 0.003207
2476 12851667 0.005329
2477 9359919 0.00279
2478 12352084 0.004799
2479 8159720 0.005247
248 12475595 0.007385
2480 11835981 0.006004
2481 7731512 0.0025
2482 13313998 0.006061
2483 12504261 0.011141
2484 10970348 0.007507
2485 8781433 0.006153
2486 8897317 0.00437
2487 9500613 0.005394
2488 12648866 0.008889
2489 9428903 0.004946
249 11003336 0.009154
2490 10868991 0.006735
2491 12489405 0.009281
2492 10759657 0.005306
2493 9125885 0.004059
2494 12673457 0.007482
2495 9144059 0.003354
2496 9291338 0.002817
2497 11574149 0.005259
2498 11901941 0.004267
2499 12012815 0.005591
25 11674584 0.004145
250 10091560 0.006623
2500 11641313 0.005012
2501 12237644 0.005273
2502 7961159 0.002301
2503 12734502 0.004728
2504 11727101 0.004296
2505 10660021 0.003581
2506 12392395 0.005083
2507 9277498 0.002568
2508 10865134 0.003223
2509 8292756 0.00188
251 9653192 0.002532
2510 8600329 0.005497
2511 9202778 0.00282
2512 11113205 0.003883
2513 8698812 0.002713
2514 9828634 0.003421
2515 11394981 0.004355
2516 9241469 0.002889
2517 8635839 0.005164
2518 8504405 0.002736
2519 10515277 0.008389
252 12535285 0.009844
2520 11010691 0.006209
2521 12005805 0.006876
2522 8824160 0.00335
2523 8368963 0.002626
2524 10818035 0.004722
2525 11357877 0.005175
2526 8085756 0.002739
2527 9083215 0.003706
2528 12471949 0.005469
2529 8739544 0.002228
253 8298748 0.002154
2530 11628957 0.004775
2531 8771301 0.002244
2532 12185784 0.004986
2533 12208584 0.005
2534 10602170 0.002845
2535 12308722 0.004709
2536 11361830 0.003369
2537 12600881 0.004548
2538 12372262 0.004021
2539 10736392 0.00305
254 10556092 0.002758
2540 9344751 0.005389
2541 8123017 0.004282
2542 8657211 0.004589
2543 8308418 0.003379
2544 11356440 0.006961
2545 8984528 0.003881
2546 7861502 0.002353
2547 10974949 0.005207
2548 9161202 0.003491
2549 9367431 0.002659
255 12072196 0.005477
2550 9604730 0.003219
2551 12791536 0.005736
2552 9739179 0.002731
2553 12633379 0.005322
2554 9869559 0.006177
2555 12409334 0.006836
2556 12390409 0.006309
2557 8780395 0.006317
2558 12136895 0.00966
2559 12880074 0.009394
256 12244868 0.007829
2560 11069449 0.005487
2561 13466968 0.007321
2562 8726354 0.002786
2563 12253214 0.005619
2564 9811854 0.003562
2565 8130209 0.002299
2566 10235363 0.003939
2567 8348722 0.002138
2568 12347427 0.004626
2569 8507674 0.001756
257 10170704 0.006881
2570 8486515 0.002065
2571 12963224 0.004615
2572 11387044 0.004428
2573 10346187 0.003693
2574 11110669 0.005739
2575 11874638 0.003426
2576 10118683 0.003583
2577 7727662 0.002885
2578 12028294 0.005009
2579 8272105 0.002728
258 10004535 0.00319
2580 9477333 0.002264
2581 10598511 0.006217
2582 10511374 0.009037
2583 8354805 0.004865
2584 8550672 0.003834
2585 11691855 0.00954
2586 13421370 0.01084
2587 11479207 0.00701
2588 8949288 0.004001
2589 12606166 0.007369
259 10789830 0.004615
2590 11280254 0.005462
2591 12313803 0.006522
2592 9471106 0.003258
2593 8805911 0.005585
2594 8954716 0.004337
2595 11331123 0.006605
2596 11006625 0.005699
2597 9877274 0.004634
2598 11318740 0.008598
2599 12068422 0.009575
26 10408858 0.005683
260 11909648 0.008483
2600 11736615 0.007022
2601 10242615 0.003965
2602 11545818 0.004905
2603 9948325 0.006315
2604 10395153 0.006188
2605 12589175 0.007463
2606 10601059 0.005392
2607 10300170 0.004751
2608 12086089 0.006501
2609 11781308 0.005507
261 10061470 0.003727
2610 8628565 0.00315
2611 8795311 0.002653
2612 8908715 0.002761
2613 12416928 0.005605
2614 10142636 0.003256
2615 11772457 0.005146
2616 11554052 0.004669
2617 11067915 0.010571
2618 8187192 0.00458
2619 11578491 0.006216
262 9321489 0.003814
2620 11580294 0.007289
2621 11760973 0.004886
2622 11882241 0.005197
2623 10029958 0.005523
2624 10242152 0.004848
2625 11086338 0.004396
2626 12611640 0.010795
2627 11457938 0.005403
2628 9932606 0.003806
2629 8243699 0.002505
263 11643479 0.006459
2630 8241342 0.002516
2631 10914323 0.00424
2632 9568866 0.003638
2633 11124028 0.005371
2634 12535172 0.005864
2635 11149142 0.003883
2636 11362928 0.004255
2637 12037775 0.004518
2638 9636975 0.003069
2639 9392088 0.005222
264 8610187 0.003295
2640 10895411 0.004283
2641 11909574 0.005546
2642 9293614 0.002457
2643 11209051 0.005014
2644 12531643 0.005564
2645 8373853 0.002342
2646 8838973 0.002677
2647 12673628 0.004948
2648 10498560 0.003775
2649 9941724 0.007229
265 8453601 0.005801
2650 10612228 0.008822
2651 10173632 0.006354
2652 9731583 0.005448
2653 11016490 0.009031
2654 10581258 0.008122
2655 10025422 0.005681
2656 8971194 0.00411
2657 9722828 0.007639
2658 10164654 0.00569
2659 12265270 0.007296
266 12409525 0.008531
2660 12100365 0.01179
2661 11466699 0.008673
2662 12236699 0.008759
2663 10420453 0.006293
2664 8157223 0.003957
2665 12020221 0.011337
2666 10122905 0.006896
2667 12011028 0.011461
2668 10781215 0.008933
2669 10009332 0.006598
267 11357352 0.008616
2670 12037550 0.009342
2671 13088155 0.007872
2672 8586501 0.003101
2673 11933597 0.007406
2674 9472680 0.004354
2675 9598589 0.003833
2676 8751083 0.002569
2677 12480307 0.005149
2678 10105547 0.003624
2679 10908908 0.007914
268 12692499 0.007776
2680 8426409 0.003316
2681 10153958 0.004749
2682 11453246 0.006012
2683 9678740 0.00293
2684 9957052 0.006962
2685 12051067 0.009377
2686 12981012 0.009192
2687 11174124 0.00598
2688 9515228 0.006477
2689 11221268 0.008353
269 8248113 0.00323
2690 12109916 0.007257
2691 9814073 0.006274
2692 10618245 0.005744
2693 9682436 0.005118
2694 10203520 0.004354
2695 8034705 0.00262
2696 13730149 0.006644
2697 10093493 0.00437
2698 10232808 0.003933
2699 9362025 0.003022
27 9409624 0.002858
270 9949755 0.002789
2700 10678060 0.00971
2701 11658676 0.009
2702 10092599 0.006041
2703 12652431 0.008705
2704 9287335 0.003536
2705 10156770 0.005275
2706 11856229 0.009698
2707 11382541 0.008317
2708 12757259 0.007422
2709 8909475 0.00429
271 11737049 0.010081
2710 9278987 0.004276
2711 11479439 0.006641
2712 9696119 0.003855
2713 12293164 0.007983
2714 11526619 0.011244
2715 9977891 0.006983
2716 10076242 0.006938
2717 9949630 0.004536
2718 10989461 0.007272
2719 11951839 0.007134
272 8861796 0.00299
2720 10736120 0.006361
2721 10982594 0.009931
2722 9475127 0.005297
2723 11463115 0.007535
2724 10391766 0.009335
2725 10458752 0.007034
2726 11135320 0.010112
2727 8639898 0.005265
2728 10791681 0.005954
2729 10460520 0.006471
273 10562632 0.006039
2730 11953742 0.007635
2731 8801295 0.003427
2732 7802216 0.002802
2733 12218983 0.006398
2734 11887012 0.00594
2735 9152257 0.002684
2736 11883311 0.005349
2737 7905382 0.002163
2738 9653610 0.002913
2739 11545653 0.004683
274 8368241 0.001965
2740 10800232 0.008357
2741 12991226 0.008234
2742 12567164 0.006783
2743 8428921 0.005304
2744 11441296 0.007768
2745 10415236 0.006499
2746 8251459 0.004962
2747 11628611 0.008882
2748 10949185 0.006214
2749 11184573 0.006887
275 9231338 0.003968
2750 12308723 0.006599
2751 12099320 0.005652
2752 10800050 0.005515
2753 11730231 0.005293
2754 12080969 0.012145
2755 12608300 0.009638
2756 11985657 0.007554
2757 11376703 0.005858
2758 11343523 0.006629
2759 12758210 0.007164
276 11448138 0.00842
2760 8711427 0.004698
2761 10993582 0.007919
2762 10883305 0.006083
2763 8438489 0.003311
2764 8607005 0.003589
2765 12567296 0.00717
2766 10746194 0.004186
2767 12130724 0.005691
2768 11924486 0.006103
2769 8914735 0.00318
277 11057467 0.005144
2770 9796984 0.003439
2771 7331846 0.002426
2772 9122625 0.002526
2773 12778050 0.004858
2774 11294092 0.004345
2775 9398452 0.002384
2776 8186284 0.001997
2777 9827849 0.002757
2778 12281995 0.004775
2779 9016986 0.002027
278 11384358 0.004195
2780 12343438 0.003782
2781 11423208 0.003534
2782 11899129 0.004132
2783 10132191 0.006963
2784 10023546 0.004002
2785 10834159 0.00635
2786 8092467 0.002768
2787 11341916 0.006171
2788 11014068 0.004985
2789 9044458 0.003778
279 12404622 0.006059
2790 11741029 0.005489
2791 10321131 0.004274
2792 8246726 0.00198
2793 11194131 0.004386
2794 9308528 0.002577
2795 10553340 0.003139
2796 11396312 0.003621
2797 11268548 0.003903
2798 8237556 0.003329
2799 10404425 0.004152
28 9360067 0.003266
280 10312963 0.004037
2800 11248756 0.004569
2801 10977732 0.003986
2802 8483607 0.004947
2803 11648463 0.007225
2804 12659531 0.006868
2805 9402954 0.003802
2806 9216498 0.002921
2807 11021521 0.004268
2808 11604346 0.005454
2809 9418104 0.002344
281 7866156 0.001702
2810 9824270 0.002517
2811 11834320 0.003715
2812 9048984 0.002042
2813 9504485 0.002415
2814 9019820 0.002297
2815 8631802 0.001909
2816 8502287 0.001698
2817 10843769 0.003441
2818 9349657 0.002328
2819 12045434 0.004034
282 11895270 0.006993
2820 12002482 0.004264
2821 10917920 0.004447
2822 12347031 0.004206
2823 11542392 0.004212
2824 9791429 0.002487
2825 12489821 0.012822
2826 9062066 0.004142
2827 10359533 0.006131
2828 12389752 0.007453
2829 10293921 0.004903
283 10801532 0.007177
2830 10567874 0.006341
2831 11229450 0.00672
2832 11921385 0.011714
2833 12132674 0.0098
2834 10360241 0.008503
2835 10235272 0.008322
2836 12300116 0.008749
2837 11467707 0.006789
2838 13104448 0.007195
2839 9710845 0.003779
284 12316117 0.006061
2840 9273462 0.003616
2841 8539841 0.00251
2842 12645233 0.005771
2843 11943629 0.005439
2844 9610855 0.003478
2845 12381500 0.005446
2846 10040151 0.003544
2847 11658006 0.00498
2848 8768916 0.002106
2849 10057151 0.008332
285 10619963 0.007461
2850 8378734 0.003381
2851 9517121 0.004132
2852 10183364 0.005446
2853 11573550 0.006172
2854 12849433 0.007319
2855 12608500 0.006625
2856 9459388 0.003374
2857 9284335 0.003594
2858 9406499 0.00303
2859 10760792 0.009713
286 12596667 0.008731
2860 8872054 0.004365
2861 11581377 0.006249
2862 10942070 0.004793
2863 8014149 0.002838
2864 10501518 0.006962
2865 8314376 0.004078
2866 11142211 0.006129
2867 10154495 0.005407
2868 8852538 0.003987
2869 10100192 0.004533
287 9360654 0.003709
2870 9257185 0.003441
2871 11069909 0.010567
2872 9650970 0.005782
2873 11600807 0.010434
2874 9338984 0.005789
2875 8891510 0.004106
2876 8445702 0.00319
2877 13144635 0.007953
2878 10534725 0.005098
2879 11025685 0.005498
288 10551517 0.004989
2880 8344136 0.002834
2881 10047299 0.006716
2882 8105483 0.003607
2883 10939417 0.005486
2884 9467250 0.004235
2885 8301497 0.003445
2886 9279709 0.004226
2887 11753632 0.005988
2888 9739296 0.003448
2889 11906486 0.005134
289 11638189 0.009616
2890 10429011 0.006423
2891 8445535 0.003393
2892 12119156 0.011191
2893 11239237 0.007871
2894 11857318 0.007735
2895 9538457 0.003884
2896 9031765 0.006272
2897 8523714 0.004136
2898 8874430 0.00387
2899 9710103 0.004494
29 12464338 0.010679
290 7834837 0.003908
2900 9132615 0.005022
2901 11698685 0.007608
2902 12301885 0.008288
2903 10124549 0.005669
2904 9645693 0.008146
2905 11600866 0.008314
2906 11595534 0.006946
2907 9924512 0.004667
2908 10851181 0.005401
2909 12160834 0.011822
291 11837238 0.009075
2910 9582368 0.005799
2911 11814144 0.010492
2912 8529807 0.003971
2913 11001600 0.006766
2914 12388829 0.008526
2915 8681670 0.003874
2916 12135551 0.011594
2917 11330592 0.00729
2918 10392426 0.005916
2919 10583240 0.009889
292 9650955 0.006809
2920 9366986 0.006148
2921 9396892 0.006583
2922 10884751 0.007499
2923 11118203 0.007637
2924 11357496 0.006459
2925 10685906 0.005706
2926 12728849 0.007169
2927 8344827 0.002797
2928 11033112 0.004963
2929 8156042 0.005016
293 10221265 0.007908
2930 8850343 0.005313
2931 11649692 0.007934
2932 9098855 0.004446
2933 10957504 0.005692
2934 8882677 0.006135
2935 12999054 0.010664
2936 12365839 0.010082
2937 12461929 0.010224
2938 8537956 0.005791
2939 10279079 0.007559
294 12039363 0.012318
2940 12534743 0.011883
2941 11678361 0.008515
2942 13183323 0.008873
2943 8705051 0.003962
2944 9731106 0.006837
2945 10678850 0.007996
2946 8611990 0.00643
2947 8276297 0.004954
2948 10064403 0.00747
2949 8833744 0.005126
295 10058074 0.005794
2950 9683981 0.004668
2951 10985284 0.00677
2952 7327621 0.003155
2953 11858778 0.006088
2954 10369587 0.00433
2955 11269316 0.005927
2956 9507745 0.007248
2957 8044090 0.004144
2958 9905683 0.005818
2959 10586691 0.005905
296 7856119 0.005654
2960 11711511 0.00561
2961 11449484 0.005416
2962 11657191 0.006004
2963 11231990 0.005045
2964 9209325 0.002586
2965 9955662 0.007419
2966 9391188 0.004603
2967 11296395 0.006466
2968 8580677 0.003274
2969 8636071 0.004613
297 10785792 0.004916
2970 8154983 0.003931
2971 9037484 0.006817
2972 9217606 0.004992
2973 8854259 0.004917
2974 9633670 0.005737
2975 9215534 0.00423
2976 11589184 0.006754
2977 8104581 0.003252
2978 11515834 0.007599
2979 10754552 0.004555
298 11327712 0.004886
2980 9093276 0.003016
2981 11776861 0.005011
2982 12921986 0.00579
2983 11670549 0.004549
2984 11239456 0.006081
2985 10679983 0.00785
2986 8057516 0.003477
2987 12195595 0.008088
2988 12157125 0.008064
2989 10065916 0.004879
299 10810181 0.004913
2990 10900221 0.005453
2991 9889667 0.005383
2992 10306023 0.004554
2993 10092873 0.007461
2994 9107360 0.004693
2995 9806618 0.004733
2996 11405535 0.006947
2997 11778386 0.006635
2998 8195368 0.002982
2999 8047706 0.002592
3 8903222 0.002484
30 11569547 0.005311
300 10863768 0.004679
3000 9780486 0.00262
3001 8820387 0.00264
3002 10619791 0.004273
3003 8646268 0.003133
3004 8599082 0.002414
3005 9759133 0.0031
3006 11633138 0.007996
3007 10064662 0.005213
3008 10710774 0.004776
3009 11674661 0.006137
301 12345445 0.006351
3010 9055781 0.003637
3011 10498473 0.003861
3012 10922657 0.004557
3013 9209512 0.004757
3014 12877741 0.007103
3015 9538641 0.005671
3016 9187981 0.002295
3017 10313422 0.003266
3018 10701750 0.003691
3019 11157348 0.005672
302 8090522 0.002338
3020 10853652 0.006761
3021 11445729 0.006986
3022 8820262 0.004324
3023 11766427 0.00682
3024 11342294 0.006936
3025 10258994 0.004718
3026 7919473 0.002974
3027 9884823 0.004089
3028 12244883 0.005944
3029 9804695 0.002813
303 11576456 0.004842
3030 11979786 0.004994
3031 11319617 0.004543
3032 11118805 0.003971
3033 8524852 0.002354
3034 8421137 0.002075
3035 12644887 0.004777
3036 12017749 0.003932
3037 9571614 0.00242
3038 13135994 0.004675
3039 9283607 0.002449
304 9990363 0.003139
3040 11190563 0.003527
3041 9183380 0.002281
3042 12450121 0.004465
3043 10804017 0.00312
3044 11864229 0.004404
3045 10926437 0.003434
3046 8320640 0.001669
3047 8447624 0.002895
3048 9491092 0.002259
3049 10531432 0.005478
305 10240244 0.003741
3050 9191993 0.003131
3051 10886858 0.003956
3052 12480996 0.005315
3053 11174851 0.003909
3054 10846076 0.004397
3055 8801394 0.002479
3056 12456906 0.004757
3057 12367973 0.004716
3058 9800447 0.002298
3059 9665968 0.002453
306 9106013 0.002934
3060 8337800 0.001696
3061 12500163 0.004416
3062 12591696 0.004139
3063 8221047 0.001809
3064 8875556 0.004355
3065 9516748 0.00401
3066 9580427 0.004051
3067 8329179 0.005159
3068 8184179 0.002699
3069 10104775 0.003907
307 8699803 0.002798
3070 8707020 0.002833
3071 13197320 0.007342
3072 12144967 0.006309
3073 13010217 0.012078
3074 9654391 0.005882
3075 9432197 0.005223
3076 11872544 0.007547
3077 10215255 0.004607
3078 12177243 0.006682
3079 7256524 0.002741
308 11048062 0.00541
3080 10198779 0.007812
3081 11535906 0.007353
3082 10786326 0.006322
3083 7791238 0.003078
3084 12789930 0.007651
3085 9505035 0.004069
3086 13008343 0.007119
3087 11211290 0.004726
3088 11117803 0.004811
3089 10859026 0.005362
309 11285429 0.010445
3090 8666840 0.004381
3091 9497236 0.004369
3092 9995435 0.005678
3093 9915038 0.005295
3094 11666832 0.006604
3095 11589314 0.010252
3096 11395947 0.008355
3097 13141351 0.009103
3098 9956780 0.004853
3099 11563819 0.005493
31 9300258 0.003906
310 11629892 0.005212
3100 9780055 0.005043
3101 11056437 0.004918
3102 11311950 0.005068
3103 9343486 0.002886
3104 8684276 0.002548
3105 10586803 0.003708
3106 12948973 0.005264
3107 11041471 0.004109
3108 11855776 0.004571
3109 10664506 0.004253
311 11385408 0.00375
3110 10077345 0.002461
3111 11396788 0.003782
3112 9045706 0.002195
3113 10662792 0.002953
3114 12608336 0.004113
3115 8816554 0.002016
3116 8650786 0.001859
3117 9952968 0.002784
3118 10113500 0.002784
3119 8814859 0.001678
312 10773260 0.003291
3120 9082801 0.001804
3121 11480752 0.003613
3122 9605179 0.001893
3123 8136390 0.004433
3124 8469797 0.002419
3125 1607175 0.005046
3126 12299070 0.006099
3127 11518447 0.005729
3128 10608500 0.005028
3129 9114091 0.005113
313 11851129 0.010611
3130 11170800 0.006232
3131 10203812 0.00464
3132 9537265 0.006555
3133 8608785 0.004052
3134 11018138 0.005979
3135 11069498 0.005998
3136 11771031 0.007001
3137 9593561 0.003964
3138 8156165 0.002592
3139 11089467 0.005602
314 11835606 0.005708
3140 12100178 0.012393
3141 10307884 0.005738
3142 11381161 0.006934
3143 9641501 0.003884
3144 8822886 0.00333
3145 8030260 0.006089
3146 8523513 0.005507
3147 11723225 0.007942
3148 12137095 0.011434
3149 9345453 0.005203
315 9953745 0.006162
3150 11398883 0.007688
3151 11797574 0.011198
3152 11503838 0.008236
3153 9722664 0.005009
3154 8966145 0.004283
3155 11791289 0.006966
3156 12559494 0.007865
3157 11805008 0.007023
3158 11407654 0.005652
3159 9824537 0.004403
316 8709325 0.003057
3160 9270379 0.006323
3161 8917957 0.003939
3162 11218231 0.006796
3163 9438383 0.004325
3164 10089865 0.004481
3165 9814766 0.004125
3166 11196707 0.004148
3167 12075200 0.006072
3168 10840484 0.005186
3169 9763511 0.003583
317 12325038 0.006566
3170 11132840 0.006149
3171 10087116 0.005684
3172 12367254 0.005537
3173 11016262 0.004116
3174 10473083 0.003785
3175 8986407 0.002775
3176 9294919 0.002494
3177 11705466 0.004062
3178 12582904 0.005087
3179 11651131 0.006771
318 12877561 0.007376
3180 9940041 0.004624
3181 12096188 0.006548
3182 10964616 0.004291
3183 11312719 0.004447
3184 9425956 0.003249
3185 11614330 0.004706
3186 10270701 0.003274
3187 10729653 0.003438
3188 7151716 0.002513
3189 10417226 0.002909
319 8663177 0.002054
3190 12193740 0.004385
3191 11984418 0.010326
3192 8623768 0.003964
3193 11310240 0.00531
3194 9064513 0.003273
3195 10552309 0.004583
3196 10550738 0.004159
3197 11426441 0.005982
3198 8966982 0.002795
3199 7694056 0.002155
32 11486102 0.004207
320 8914116 0.002161
3200 10442729 0.003554
3201 11673582 0.004358
3202 12643364 0.004854
3203 10916173 0.003389
3204 9226099 0.002601
3205 13249732 0.005049
3206 11179934 0.003408
3207 11014287 0.005489
3208 8548359 0.001863
3209 9560782 0.002409
321 8510280 0.00213
3210 10773237 0.002903
3211 12315693 0.00518
3212 11416588 0.003537
3213 12834234 0.004471
3214 9849712 0.004519
3215 12331738 0.004668
3216 11712694 0.003372
3217 11126442 0.0045
3218 11289123 0.004002
3219 10077268 0.002725
322 8997451 0.002844
3220 8840738 0.002072
3221 8561155 0.002657
3222 12374076 0.004819
3223 11522621 0.003704
3224 11296415 0.003909
3225 9912661 0.002559
3226 9728693 0.002404
3227 9589388 0.002804
3228 11093882 0.003511
3229 9601960 0.002084
323 8786656 0.001929
3230 11917710 0.008933
3231 11790189 0.007109
3232 9525970 0.00484
3233 9305966 0.005929
3234 11551384 0.005435
3235 10567936 0.004281
3236 9598240 0.003709
3237 10520365 0.004434
3238 9661176 0.004013
3239 10198454 0.004571
324 13534239 0.005751
3240 11278888 0.005974
3241 12669981 0.011795
3242 10681050 0.00751
3243 11289310 0.006828
3244 12481155 0.008634
3245 11923357 0.006458
3246 10264806 0.003404
3247 11641203 0.005505
3248 12098078 0.005285
3249 9710152 0.003696
325 10099224 0.007681
3250 9213714 0.006127
3251 11669951 0.00734
3252 9396815 0.004668
3253 11041366 0.006052
3254 10655078 0.005165
3255 11691539 0.005891
3256 10600667 0.005185
3257 10493226 0.003916
3258 12473692 0.00618
3259 8531962 0.002188
326 11823847 0.005241
3260 9487938 0.002923
3261 11634424 0.009112
3262 8576293 0.002815
3263 9585779 0.004908
3264 11259716 0.005804
3265 8721993 0.003126
3266 8474127 0.002693
3267 12550436 0.006398
3268 12868327 0.0062
3269 11427101 0.004726
327 9479788 0.0031
3270 9903935 0.003084
3271 11757432 0.004804
3272 11008128 0.00383
3273 10958715 0.003616
3274 10510698 0.004004
3275 10401539 0.002826
3276 7742844 0.001851
3277 10646757 0.003019
3278 9453455 0.002104
3279 10465027 0.004034
328 12639268 0.005154
3280 12003364 0.004649
3281 13192607 0.008402
3282 11277455 0.01043
3283 12095667 0.012055
3284 8139665 0.00426
3285 10466994 0.00549
3286 9792621 0.006809
3287 12141955 0.00832
3288 10657885 0.005782
3289 10893766 0.009494
329 12624442 0.010435
3290 12762892 0.008909
3291 9908404 0.005275
3292 10695380 0.008624
3293 12796331 0.010435
3294 8781189 0.006973
3295 12837881 0.008594
3296 9655161 0.004446
3297 10180313 0.005097
3298 8243514 0.002947
3299 12436731 0.006673
33 8512715 0.003025
330 12081537 0.006035
3300 9701689 0.006011
3301 8846917 0.004298
3302 9582058 0.005124
3303 11646835 0.007154
3304 12959152 0.007295
3305 8190258 0.005513
3306 9244586 0.003843
3307 11076404 0.00475
3308 11969147 0.011465
3309 11897246 0.010149
331 12133244 0.009537
3310 8441194 0.003365
3311 10451627 0.006381
3312 11706885 0.006621
3313 9136783 0.003506
3314 9110000 0.00615
3315 12347447 0.010554
3316 9567114 0.005827
3317 12049476 0.00786
3318 12331777 0.007206
3319 11825307 0.006598
332 12427064 0.006924
3320 9597293 0.003282
3321 11474703 0.00539
3322 9684514 0.003424
3323 9619858 0.003207
3324 7606973 0.002029
3325 11265429 0.004336
3326 12390900 0.008742
3327 11903656 0.008578
3328 9633234 0.004727
3329 8390645 0.005407
333 10375704 0.00689
3330 9114236 0.005338
3331 10031406 0.006456
3332 11358330 0.008197
3333 7805062 0.003699
3334 8440138 0.004061
3335 9083281 0.004731
3336 11073894 0.010202
3337 10897050 0.007507
3338 10789295 0.008812
3339 9820026 0.005907
334 10855437 0.00755
3340 11450988 0.010295
3341 12416237 0.010313
3342 9186288 0.004921
3343 8934219 0.007629
3344 11236021 0.006804
3345 11100288 0.005845
3346 8538688 0.004867
3347 8901201 0.003558
3348 12754582 0.010685
3349 9124652 0.005052
335 9143060 0.00595
3350 9682649 0.006792
3351 10706953 0.006093
3352 8954400 0.004129
3353 8684906 0.004279
3354 10246769 0.00509
3355 10462410 0.008952
3356 11453485 0.011182
3357 11781839 0.009935
3358 10574157 0.007564
3359 9357927 0.00648
336 11674636 0.009147
3360 10923353 0.006857
3361 11287974 0.006984
3362 8554266 0.003507
3363 8721073 0.00382
3364 10765833 0.005348
3365 8678284 0.003286
3366 9331160 0.003333
3367 9239614 0.003296
3368 10728008 0.005446
3369 13234450 0.011456
337 9962029 0.006397
3370 9276901 0.005061
3371 10062678 0.00697
3372 10414747 0.006378
3373 10027766 0.004413
3374 8501851 0.005397
3375 11685733 0.007017
3376 12093696 0.008251
3377 11243096 0.007613
3378 10799734 0.005502
3379 11240887 0.008869
338 9575047 0.005621
3380 9868527 0.005341
3381 11912098 0.006935
3382 8675717 0.005506
3383 11040426 0.006934
3384 10850806 0.006596
3385 9804569 0.004943
3386 13578332 0.008399
3387 9691398 0.005514
3388 11438288 0.005855
3389 11167638 0.00934
339 12324456 0.007966
3390 12111955 0.007251
3391 8508857 0.003187
3392 11289532 0.00628
3393 12001303 0.005532
3394 10206620 0.007941
3395 10615115 0.007632
3396 10322889 0.007376
3397 10365488 0.005622
3398 9242603 0.005093
3399 8792434 0.005795
34 10757538 0.00828
340 13644375 0.010087
3400 11842003 0.008486
3401 10441588 0.008056
3402 9713035 0.006467
3403 11316349 0.008055
3404 11511848 0.007003
3405 11248870 0.005245
3406 11481820 0.00568
3407 10534208 0.006
3408 11714853 0.005755
3409 10931724 0.004191
341 8723043 0.002349
3410 11442392 0.0048
3411 11337467 0.004972
3412 12127422 0.004457
3413 12111909 0.005239
3414 9582363 0.002927
3415 10968906 0.003456
3416 10654551 0.003437
3417 9484638 0.002713
3418 8590107 0.001804
3419 12641062 0.004247
342 10290087 0.002942
3420 8841417 0.002193
3421 12916797 0.004399
3422 10177505 0.007434
3423 11604964 0.005068
3424 9786335 0.003628
3425 9224771 0.002841
3426 12349253 0.005284
3427 8310203 0.00228
3428 9683212 0.003256
3429 9042012 0.002402
343 12797144 0.005464
3430 12074092 0.004613
3431 10002378 0.003016
3432 8402454 0.001835
3433 11126735 0.008835
3434 9383180 0.00474
3435 7858527 0.003366
3436 12231156 0.00767
3437 8852872 0.003328
3438 11901453 0.007051
3439 10743390 0.005804
344 10492240 0.00489
3440 9890538 0.006934
3441 12817500 0.008514
3442 10677293 0.005354
3443 10537055 0.00509
3444 9004270 0.003095
3445 11374821 0.005121
3446 12158649 0.005432
3447 11455109 0.005855
3448 12113421 0.005494
3449 10637507 0.010434
345 9310057 0.004292
3450 12037120 0.007516
3451 9402391 0.004232
3452 10139476 0.00794
3453 10422701 0.005636
3454 5307782 0.006736
3455 12143565 0.006288
3456 12379488 0.006418
3457 12065813 0.006522
3458 10841030 0.003522
3459 11242167 0.00442
346 7031819 0.002825
3460 8855267 0.002679
3461 10399225 0.003743
3462 12112430 0.004249
3463 8316040 0.002062
3464 9065111 0.002196
3465 11979894 0.00379
3466 11850769 0.004169
3467 8475247 0.002119
3468 11717175 0.007109
3469 10424689 0.003941
347 10744996 0.00429
3470 12561077 0.006431
3471 9986028 0.003737
3472 12301796 0.011721
3473 9749179 0.007646
3474 11791691 0.006817
3475 9671187 0.003557
3476 9685031 0.00365
3477 12486179 0.006447
3478 8598317 0.002415
3479 9877475 0.003303
348 10377440 0.00374
3480 11672914 0.010342
3481 12101434 0.009431
3482 12212499 0.01208
3483 12246563 0.009543
3484 11209841 0.006617
3485 11828053 0.007176
3486 10912545 0.005292
3487 11684347 0.006292
3488 9166016 0.0029
3489 11399879 0.005154
349 12207451 0.005329
3490 8959354 0.00246
3491 10532695 0.009343
3492 12459138 0.006013
3493 10479595 0.005044
3494 8988955 0.00256
3495 10655183 0.00831
3496 9333369 0.004722
3497 11647755 0.007926
3498 12163907 0.008047
3499 8645638 0.003299
35 9699144 0.003831
350 12776217 0.007039
3500 10383692 0.004153
3501 8815820 0.002966
3502 9424213 0.003981
3503 11261528 0.004849
3504 10474570 0.004124
3505 8967413 0.002818
3506 9083870 0.002661
3507 11526960 0.011144
3508 10729201 0.00771
3509 9752714 0.005925
351 9188350 0.00557
3510 10323599 0.006894
3511 10680838 0.006135
3512 687113 0.010373
3513 9203633 0.00538
3514 10742255 0.006793
3515 11274441 0.008065
3516 12445962 0.012099
3517 8205830 0.00497
3518 11110612 0.007717
3519 12961742 0.008295
352 8887455 0.004247
3520 13171551 0.008123
3521 10449516 0.005021
3522 11618126 0.010332
3523 13401155 0.01093
3524 7748879 0.004384
3525 10463576 0.006038
3526 9141746 0.004531
3527 9868275 0.008754
3528 12841263 0.009897
3529 12395184 0.008111
353 11510150 0.006485
3530 12965857 0.008067
3531 10291626 0.004925
3532 10728891 0.005175
3533 10718497 0.005793
3534 12845395 0.006593
3535 10696389 0.00446
3536 10186865 0.003815
3537 11275884 0.004581
3538 10325652 0.003641
3539 11853851 0.005587
354 10441168 0.004035
3540 12778538 0.00544
3541 11931896 0.004429
3542 12448260 0.005039
3543 8825516 0.002317
3544 8397864 0.002097
3545 11751014 0.004524
3546 12369854 0.011658
3547 8594687 0.004329
3548 8772719 0.003883
3549 8886695 0.004933
355 11473447 0.009767
3550 10454843 0.006287
3551 9170884 0.005355
3552 8479818 0.003722
3553 8610126 0.003597
3554 11360203 0.006985
3555 10948381 0.004735
3556 11282107 0.005227
3557 8568604 0.003363
3558 8326584 0.002939
3559 8998177 0.002823
356 8436995 0.003092
3560 10051924 0.004332
3561 9662505 0.003508
3562 8284764 0.00248
3563 10388382 0.003585
3564 10347943 0.003743
3565 9848231 0.003171
3566 10968196 0.003767
3567 13225814 0.00515
3568 10821610 0.003556
3569 9113931 0.002596
357 9190925 0.002281
3570 8400645 0.001868
3571 9445390 0.00413
3572 12123045 0.004698
3573 11181830 0.003227
3574 7621466 0.00171
3575 11875867 0.004275
3576 8776314 0.001877
3577 9514909 0.002268
3578 9410535 0.002188
3579 11192749 0.003302
358 9221097 0.001953
3580 9850071 0.002722
3581 8436496 0.002046
3582 9992474 0.008397
3583 10066934 0.005277
3584 8968603 0.004947
3585 10241541 0.006096
3586 11487583 0.007924
3587 10445741 0.006176
3588 12539411 0.010005
3589 1537781 0.004103
359 11195354 0.006697
3590 9223974 0.004546
3591 12482407 0.007004
3592 12216761 0.010906
3593 9022332 0.004285
3594 8923477 0.00346
3595 9699498 0.004439
3596 9289857 0.004394
3597 10846328 0.006229
3598 10787100 0.004377
3599 10812094 0.004691
36 10852813 0.003565
360 12351778 0.006437
3600 12821502 0.005981
3601 10933118 0.009355
3602 9983456 0.007512
3603 11832290 0.01029
3604 10377112 0.005575
3605 11647558 0.007842
3606 9824168 0.005428
3607 9095128 0.004005
3608 11237106 0.005531
3609 10752047 0.007804
361 12366174 0.009587
3610 12429026 0.00806
3611 12290613 0.007419
3612 12737249 0.0068
3613 11362865 0.006445
3614 11107390 0.004594
3615 10363632 0.004862
3616 8887134 0.002551
3617 9928566 0.003835
3618 10785881 0.003709
3619 8695367 0.002228
362 10946223 0.004
3620 12994683 0.006174
3621 9342598 0.002924
3622 12201867 0.005822
3623 9753670 0.002572
3624 8599216 0.002485
3625 11815825 0.004658
3626 10084590 0.003083
3627 10822710 0.002942
3628 8659058 0.002438
3629 8724818 0.002282
363 8312183 0.001793
3630 9631687 0.002958
3631 10106544 0.007853
3632 11805034 0.009239
3633 8283917 0.004407
3634 11544321 0.010145
3635 11538512 0.010686
3636 11558820 0.007659
3637 9890189 0.006768
3638 10641646 0.00913
3639 11713432 0.007402
364 9481389 0.004433
3640 10694712 0.005772
3641 10596378 0.004921
3642 8920095 0.003953
3643 10782414 0.005294
3644 10421832 0.005075
3645 8371646 0.005255
3646 8639111 0.003791
3647 9630505 0.003664
3648 11818541 0.006618
3649 12601557 0.006911
365 9498151 0.00309
3650 8729219 0.002449
3651 11068625 0.004119
3652 11088182 0.008985
3653 8414438 0.003856
3654 12236752 0.007573
3655 10791128 0.005818
3656 11304737 0.01001
3657 8080705 0.003862
3658 11865898 0.009379
3659 7297018 0.003928
366 9910072 0.004311
3660 9522156 0.006879
3661 10899462 0.006728
3662 11346276 0.01075
3663 11057953 0.009229
3664 9870914 0.007051
3665 8523389 0.003678
3666 12120724 0.011779
3667 11460645 0.007103
3668 8573913 0.003861
3669 9092671 0.003346
367 7620949 0.003108
3670 8607114 0.004086
3671 8676065 0.003015
3672 10048485 0.005166
3673 8729538 0.005284
3674 10022618 0.006245
3675 8803601 0.004457
3676 12099816 0.006465
3677 10715934 0.005438
3678 9454446 0.003105
3679 12302028 0.006591
368 9828423 0.003741
3680 9930485 0.00368
3681 9017905 0.003684
3682 11078651 0.0091
3683 11678066 0.010408
3684 10099541 0.007339
3685 12263167 0.00943
3686 11134962 0.007609
3687 11124229 0.006261
3688 11111395 0.006904
3689 11115847 0.005417
369 11993343 0.006873
3690 10109434 0.003683
3691 10813326 0.004836
3692 9880477 0.003875
3693 11678745 0.00534
3694 12046632 0.005
3695 11154669 0.004434
3696 8975208 0.00254
3697 11756900 0.005221
3698 8042142 0.002131
3699 10551785 0.003759
37 12135919 0.005133
370 9536115 0.002658
3700 11752512 0.004344
3701 8928111 0.001751
3702 7892516 0.001852
3703 8671296 0.002429
3704 10457869 0.002857
3705 9260864 0.002002
3706 10237790 0.002972
3707 10718468 0.002552
3708 11988753 0.004062
3709 9733020 0.002734
371 9311806 0.001911
3710 8311769 0.001794
3711 9879287 0.002626
3712 12716439 0.00423
3713 8391323 0.001898
3714 12210122 0.004004
3715 13334209 0.004466
3716 10344889 0.003276
3717 10985173 0.003037
3718 10629730 0.006056
3719 10751210 0.003989
372 9003082 0.002754
3720 9173311 0.002292
3721 9699229 0.003183
3722 9243408 0.002628
3723 11602815 0.004553
3724 9356299 0.002297
3725 10111290 0.002929
3726 8579193 0.001902
3727 11733580 0.004694
3728 9573336 0.002537
3729 13222321 0.004528
373 11460600 0.004248
3730 11873026 0.004141
3731 12726311 0.004225
3732 11124581 0.009487
3733 11205946 0.00719
3734 11711708 0.006708
3735 9596671 0.003304
3736 10956504 0.00566
3737 9945992 0.003931
3738 12332174 0.005982
3739 12897902 0.006176
374 9270994 0.005326
3740 9239417 0.00351
3741 12072991 0.006849
3742 9885402 0.004101
3743 9658769 0.003413
3744 9856404 0.004811
3745 8648421 0.002799
3746 12821418 0.005683
3747 9779284 0.003227
3748 10719812 0.003827
3749 13372927 0.005385
375 10517032 0.003596
3750 10908170 0.003657
3751 9051391 0.002603
3752 10906570 0.003239
3753 11854718 0.004582
3754 9647265 0.002927
3755 11289305 0.005646
3756 10163354 0.003807
3757 11389726 0.005255
3758 10136450 0.007233
3759 11554062 0.010366
376 11962422 0.008927
3760 12293703 0.007659
3761 11912169 0.006487
3762 8741439 0.003169
3763 13434647 0.011938
3764 12155941 0.009247
3765 10775041 0.00597
3766 10941484 0.006964
3767 12368932 0.007214
3768 13183395 0.007298
3769 9870316 0.004116
377 12266201 0.006417
3770 10883512 0.004696
3771 9733849 0.002586
3772 7931871 0.001949
3773 10170044 0.003616
3774 11617362 0.004872
3775 11278854 0.003382
3776 10045157 0.003307
3777 11081791 0.003566
3778 7940884 0.003685
3779 9883934 0.003822
378 8898295 0.003195
3780 12133439 0.005749
3781 10652554 0.004446
3782 11802300 0.004934
3783 8931546 0.002647
3784 9278706 0.002496
3785 11182755 0.003656
3786 8575966 0.00167
3787 9462230 0.002091
3788 10787521 0.003878
3789 10369111 0.00309
379 11839601 0.004013
3790 11694099 0.003904
3791 9756387 0.002698
3792 11060720 0.003388
3793 10861623 0.002993
3794 9874290 0.002389
3795 9293667 0.005043
3796 9734093 0.004521
3797 9301853 0.004088
3798 11614110 0.005946
3799 8607339 0.003236
38 9366837 0.003682
380 12947818 0.006515
3800 9237305 0.003196
3801 10917413 0.004024
3802 10373626 0.00355
3803 10538249 0.003865
3804 10686230 0.007946
3805 10209139 0.005608
3806 11463553 0.005562
3807 11240496 0.005637
3808 12918810 0.007147
3809 9424298 0.003378
381 12859188 0.005243
3810 11720688 0.005642
3811 9655300 0.003864
3812 10646760 0.003389
3813 11498824 0.011033
3814 7694163 0.004388
3815 11179299 0.007658
3816 10576651 0.006623
3817 8219718 0.005185
3818 8458808 0.004709
3819 12473387 0.009843
382 9820871 0.004599
3820 9432976 0.0048
3821 9703786 0.003555
3822 12287291 0.005949
3823 12293833 0.005343
3824 11681068 0.00526
3825 9061701 0.00346
3826 11706478 0.004567
3827 8604267 0.00207
3828 8942215 0.002301
3829 9581048 0.002897
383 10829583 0.003938
3830 10076440 0.00692
3831 9583761 0.00412
3832 11762842 0.005791
3833 11268359 0.004964
3834 9535551 0.002846
3835 11085997 0.003567
3836 11506106 0.004942
3837 12814422 0.004303
3838 9003798 0.002071
3839 9970875 0.002666
384 11831742 0.004181
3840 12047646 0.004357
3841 8520239 0.001977
3842 13004091 0.01
3843 9017947 0.003048
3844 11765857 0.006741
3845 7930850 0.002597
3846 10933755 0.005917
3847 11188594 0.005313
3848 8230062 0.002366
3849 8160104 0.003514
385 9333462 0.006643
3850 11849093 0.006814
3851 9577822 0.002892
3852 12323660 0.006337
3853 10845509 0.003908
3854 11817428 0.005736
3855 10299858 0.006097
3856 12301007 0.009002
3857 12303297 0.007619
3858 9982436 0.004431
3859 11635984 0.008901
386 11203135 0.006926
3860 11832855 0.007344
3861 9847645 0.004036
3862 8310562 0.002845
3863 9980671 0.003337
3864 11350471 0.005192
3865 11589613 0.011656
3866 12310730 0.012116
3867 12892617 0.009918
3868 9588551 0.005678
3869 9021708 0.003786
387 11111741 0.008109
3870 10564411 0.005706
3871 8693859 0.006689
3872 11921070 0.009099
3873 9818631 0.005726
3874 12308321 0.008272
3875 11089836 0.005854
3876 12485899 0.006188
3877 9994130 0.00363
3878 8696253 0.002643
3879 9263104 0.002786
388 9428267 0.003764
3880 10574805 0.004252
3881 10466498 0.004078
3882 8505597 0.00229
3883 11070122 0.003989
3884 10740535 0.005437
3885 8867432 0.002709
3886 9737315 0.002495
3887 12813319 0.005005
3888 12827587 0.004629
3889 11412323 0.003589
389 10608521 0.003361
3890 9061202 0.002427
3891 12320219 0.008488
3892 10229467 0.004549
3893 11269720 0.00617
3894 10646995 0.006334
3895 10668411 0.005896
3896 10011412 0.003461
3897 11716994 0.00694
3898 11787857 0.004368
3899 8423552 0.002216
39 9703013 0.008055
390 8914602 0.004277
3900 11943805 0.006933
3901 11522355 0.007284
3902 9469056 0.00363
3903 9321506 0.004294
3904 10440393 0.009322
3905 12188886 0.011988
3906 11719526 0.009145
3907 8341870 0.005502
3908 11592841 0.011289
3909 10764620 0.006796
391 10451703 0.005251
3910 10810015 0.006514
3911 9801194 0.00466
3912 10863483 0.00569
3913 11237940 0.006017
3914 12754019 0.008492
3915 10334090 0.004544
3916 11717943 0.010209
3917 13474748 0.009115
3918 9877404 0.007278
3919 8875429 0.004258
392 9072823 0.004762
3920 9797735 0.004628
3921 10070789 0.005139
3922 9267709 0.003486
3923 10421734 0.004426
3924 11403886 0.006402
3925 9717026 0.003388
3926 9394842 0.00316
3927 11349000 0.005129
3928 12228811 0.011036
3929 10733729 0.005578
393 11647911 0.007341
3930 12508894 0.006463
3931 11236093 0.004835
3932 11060255 0.004046
3933 8307451 0.002541
3934 10245812 0.003434
3935 8245310 0.002043
3936 10354968 0.003263
3937 12703704 0.004951
3938 12881217 0.004842
3939 12784757 0.004951
394 12315669 0.010118
3940 10652625 0.00624
3941 11367034 0.006809
3942 7857535 0.004957
3943 11675507 0.008199
3944 10496974 0.00468
3945 11190658 0.005407
3946 9970184 0.00464
3947 11469515 0.005506
3948 11305884 0.004892
3949 12237754 0.005525
395 10508705 0.003858
3950 10334395 0.003504
3951 10273641 0.002954
3952 11051132 0.00902
3953 11488314 0.006342
3954 8372115 0.002885
3955 11227657 0.009359
3956 9526711 0.005947
3957 9242611 0.00547
3958 12664680 0.007905
3959 13301450 0.007963
396 10269318 0.004754
3960 11663617 0.006553
3961 9887526 0.004083
3962 8858490 0.002734
3963 11427678 0.006117
3964 10270114 0.003541
3965 12410971 0.005591
3966 12528044 0.005472
3967 12122590 0.005343
3968 8198780 0.002187
3969 7993900 0.001946
397 11503833 0.004561
3970 9523659 0.002166
3971 10040909 0.002722
3972 9468864 0.002565
3973 12317157 0.00423
3974 9640874 0.002131
3975 10627528 0.00299
3976 10161420 0.002752
3977 12353128 0.00409
3978 10539141 0.003182
3979 11797022 0.003919
398 8884951 0.002176
3980 12370943 0.004318
3981 10129717 0.002831
3982 8365097 0.001933
3983 10488818 0.002975
3984 9533269 0.002192
3985 10015694 0.002431
3986 11222934 0.009221
3987 8920858 0.003356
3988 8930281 0.003434
3989 11945024 0.006175
399 11820648 0.005999
3990 12803223 0.005722
3991 8301590 0.002548
3992 12578780 0.005298
3993 8593719 0.002542
3994 8986279 0.002728
3995 10469324 0.003246
3996 11705362 0.004502
3997 8551930 0.002486
3998 11967762 0.003774
4 9863385 0.002574
40 6188335 0.002004
400 10762072 0.003272
401 11310991 0.005303
402 9981893 0.002813
403 10211480 0.007346
404 8276704 0.003378
405 10058822 0.00444
406 10561489 0.005182
407 10825364 0.005844
408 12163162 0.006395
409 9832798 0.006933
41 12716499 0.012127
410 12763815 0.009276
411 9229896 0.004579
412 11435858 0.006458
413 12802566 0.00688
414 10321656 0.003774
415 11366350 0.005461
416 11246397 0.005607
417 9760853 0.006577
418 10578180 0.006941
419 7986788 0.003545
42 8727636 0.00483
420 8658828 0.005005
421 11825508 0.007954
422 9290436 0.004496
423 10746104 0.005843
424 9198400 0.004054
425 10282807 0.003889
426 8204933 0.002371
427 8871853 0.002825
428 10272307 0.003716
429 11440814 0.00473
43 10596698 0.003804
430 10099373 0.003386
431 13086793 0.005544
432 12504666 0.004461
433 9078744 0.005476
434 11394949 0.005997
435 12391485 0.006533
436 11884430 0.00591
437 11707620 0.005373
438 9266409 0.006448
439 11050915 0.008942
44 10361057 0.007682
440 12089229 0.009717
441 11002471 0.00686
442 8483903 0.003884
443 10548921 0.005082
444 7811036 0.003714
445 8142617 0.003641
446 12578700 0.007707
447 12419710 0.007402
448 7807845 0.005302
449 10430448 0.005981
45 11280821 0.00655
450 12596700 0.007449
451 10315552 0.003995
452 10747477 0.004764
453 11310901 0.004483
454 12210615 0.005975
455 12299407 0.005947
456 9857012 0.002977
457 7661491 0.002214
458 8891666 0.002456
459 11667872 0.004671
46 8944636 0.002718
460 9124751 0.002115
461 10887387 0.003204
462 12279670 0.004085
463 11880826 0.004208
464 10247004 0.005165
465 12483153 0.005333
466 11931726 0.00518
467 11315457 0.003826
468 12000697 0.004563
469 10822755 0.003182
47 12806695 0.004553
470 11530658 0.00363
471 12792231 0.004288
472 12969793 0.004507
473 10945759 0.003362
474 9363650 0.002177
475 7779775 0.002954
476 10608375 0.003146
477 9886860 0.002842
478 11008100 0.002915
479 9986217 0.004334
48 8588070 0.002887
480 9469566 0.003278
481 12575784 0.00529
482 9706220 0.003516
483 8057527 0.001867
484 8973774 0.003244
485 11273902 0.008556
486 14334378 0.006229
487 10753911 0.005223
488 11201490 0.004094
489 11580862 0.00464
49 7781185 0.002089
490 9482357 0.002534
491 12037172 0.005068
492 10676113 0.003804
493 9875683 0.003882
494 10400904 0.003399
495 9043711 0.005039
496 12947174 0.010286
497 8649452 0.003953
498 12918821 0.008622
499 11049244 0.006262
5 10092810 0.005002
50 12061666 0.01167
500 10222920 0.007365
501 11854763 0.010602
502 9658479 0.005821
503 8850771 0.005224
504 12317679 0.008173
505 12175225 0.007444
506 10288394 0.00463
507 11677631 0.005372
508 10236204 0.007778
509 11957673 0.009769
51 12353494 0.008578
510 12397354 0.006547
511 12981254 0.007017
512 11110446 0.005971
513 11687413 0.005842
514 13269245 0.006364
515 11228394 0.008825
516 12780979 0.010468
517 10393589 0.006215
518 8270589 0.004989
519 12190076 0.009781
52 12429563 0.008788
520 8724586 0.003803
521 9150601 0.003807
522 8474239 0.00338
523 10583149 0.005066
524 8270625 0.002607
525 9670215 0.003557
526 11380866 0.004953
527 10809568 0.003677
528 9482047 0.003587
529 12209009 0.0116
53 9335587 0.005627
530 9582355 0.004387
531 9910122 0.00461
532 11663733 0.00595
533 12980756 0.006134
534 11102623 0.004102
535 7843210 0.002385
536 8851585 0.002743
537 8239737 0.002385
538 12229438 0.004589
539 9345720 0.002965
54 12478394 0.004224
540 9966462 0.002926
541 12104865 0.010896
542 8613969 0.005032
543 9946775 0.004451
544 11103521 0.005848
545 10299124 0.008432
546 9665400 0.005466
547 10173958 0.005332
548 8816679 0.00428
549 11191187 0.006216
55 12357682 0.006516
550 11757392 0.0055
551 11279941 0.004953
552 10919517 0.004678
553 9024152 0.002673
554 9742980 0.003264
555 10177354 0.003142
556 11333624 0.007857
557 12348289 0.007132
558 10664248 0.004672
559 9753601 0.002892
56 13610865 0.008025
560 10522687 0.004663
561 12099565 0.006096
562 9699384 0.003617
563 9910676 0.003723
564 8619366 0.002879
565 11927196 0.007665
566 11521152 0.007627
567 9308739 0.003197
568 14154759 0.007267
569 12034514 0.006476
57 12664334 0.006336
570 11699475 0.004783
571 11574156 0.009702
572 12137340 0.008484
573 9131629 0.00468
574 11721590 0.006607
575 9382518 0.003428
576 11196715 0.006268
577 13223802 0.006479
578 9029536 0.003357
579 12546727 0.006229
58 9053549 0.00279
580 10494060 0.003885
581 11313560 0.00466
582 11321991 0.004828
583 10615122 0.003952
584 11170628 0.003949
585 11914323 0.008776
586 11791127 0.006983
587 9694157 0.004283
588 11115641 0.004506
589 11145188 0.00633
59 11440310 0.006478
590 10257360 0.005345
591 11861767 0.005746
592 8288206 0.005169
593 11149523 0.006688
594 13021957 0.012362
595 8872139 0.005064
596 10355919 0.005923
597 9168369 0.004482
598 11927287 0.006874
599 8635035 0.003482
6 9155988 0.00358
60 10076794 0.004467
600 12676813 0.006333
601 9544140 0.003193
602 11366507 0.005141
603 12190393 0.005624
604 11123587 0.003973
605 9264359 0.002158
606 10026021 0.004039
607 11575817 0.005313
608 8427560 0.002673
609 11779516 0.006131
61 11805266 0.005963
610 10568640 0.003856
611 10720872 0.004015
612 10707212 0.003969
613 10485005 0.003384
614 11331920 0.007062
615 10983636 0.005925
616 11530465 0.005619
617 11799665 0.006009
618 11852746 0.005321
619 10688780 0.003903
62 12319052 0.004757
620 12095905 0.003788
621 13053861 0.004713
622 10185920 0.002702
623 10405944 0.002625
624 7812502 0.001865
625 11108466 0.003459
626 11417599 0.004241
627 11946972 0.004492
628 8325031 0.001716
629 11091331 0.004039
63 8544899 0.001983
630 11095638 0.004008
631 10795462 0.003491
632 10394040 0.00364
633 11130687 0.002987
634 10976543 0.003822
635 12213369 0.004527
636 10669131 0.003568
637 8434520 0.001624
638 10206871 0.003061
639 10980382 0.003002
64 8753822 0.003847
640 11635758 0.004101
641 7777391 0.001716
642 9863021 0.002318
643 10005608 0.007589
644 7720547 0.002867
645 12314091 0.005869
646 8268417 0.002472
647 9331330 0.00278
648 11896785 0.004559
649 10830475 0.004265
65 10652679 0.00399
650 11780223 0.012238
651 8573003 0.003872
652 10917640 0.005389
653 9964865 0.004149
654 9706461 0.006628
655 12043229 0.010076
656 8905768 0.004295
657 9449277 0.006438
658 10584428 0.00649
659 8713820 0.004059
66 12416830 0.011905
660 12064852 0.01071
661 8682959 0.004157
662 11746732 0.007539
663 9752178 0.004915
664 11343972 0.007403
665 8497093 0.003063
666 12678642 0.008464
667 8232876 0.002893
668 11015667 0.006054
669 10862857 0.004047
67 9487606 0.002478
670 10654939 0.003517
671 8686773 0.002221
672 12577079 0.005245
673 9226346 0.008322
674 11037123 0.004707
675 10974050 0.00704
676 8552758 0.002548
677 9878377 0.003986
678 8216009 0.002272
679 11181444 0.009189
68 10473879 0.008079
680 9118600 0.004208
681 9409352 0.005164
682 13154972 0.008189
683 12566551 0.007754
684 10395878 0.005741
685 11034710 0.005443
686 12088685 0.006266
687 7825863 0.005452
688 10573274 0.005541
689 8465751 0.006302
69 11647860 0.009402
690 12593606 0.009304
691 11070310 0.009334
692 10959941 0.008856
693 9924427 0.006716
694 11678043 0.007687
695 10755268 0.007174
696 12421342 0.007933
697 8082554 0.00303
698 10630688 0.005014
699 10806794 0.004601
7 8280598 0.002869
70 11835607 0.005239
700 12674446 0.005823
701 10213498 0.003816
702 10136909 0.003537
703 11770130 0.004571
704 10576234 0.004046
705 12102412 0.004228
706 12878002 0.004067
707 12009841 0.005014
708 11953039 0.004545
709 10106254 0.006946
71 9937036 0.003005
710 8207763 0.002063
711 10225757 0.004311
712 11039786 0.00495
713 8590834 0.003263
714 8633611 0.002856
715 10670646 0.003882
716 12709380 0.005499
717 13223794 0.005752
718 9316314 0.002985
719 9924058 0.003337
72 9790875 0.002826
720 8659591 0.002575
721 11764614 0.0054
722 11107910 0.004152
723 8273488 0.001999
724 9198525 0.002384
725 12222330 0.004455
726 12032335 0.004424
727 9939179 0.002503
728 9887031 0.002343
729 9155166 0.002082
73 12696281 0.004257
730 9444750 0.002084
731 8156734 0.001689
732 10054427 0.003324
733 11475379 0.004134
734 11758695 0.003843
735 11792536 0.00719
736 8428918 0.002394
737 9278573 0.002925
738 9447519 0.007892
739 9159595 0.004938
74 8780258 0.003907
740 12666642 0.007106
741 9957234 0.003973
742 10136637 0.003855
743 12148328 0.005292
744 8493275 0.001739
745 9249906 0.002909
746 9029443 0.002626
747 11633151 0.003776
748 9625299 0.002526
749 10233250 0.003286
75 8686266 0.00478
750 9718742 0.002791
751 10679508 0.006289
752 9736387 0.003653
753 8404408 0.003028
754 11526363 0.005814
755 10435371 0.004531
756 12427243 0.005918
757 11510259 0.004588
758 8536282 0.002457
759 9237422 0.002952
76 11661343 0.009807
760 8437098 0.004053
761 12308970 0.007878
762 8211636 0.00348
763 11321361 0.005893
764 11469630 0.00608
765 10294420 0.004054
766 12704619 0.006017
767 9150429 0.006912
768 9063261 0.007084
769 10492899 0.007883
77 10887047 0.006633
770 9979439 0.004786
771 11610225 0.006536
772 10836181 0.006001
773 8219327 0.002628
774 10576931 0.00748
775 11998717 0.007328
776 10775573 0.004894
777 11830938 0.006684
778 12515839 0.006852
779 9365085 0.003753
78 11589124 0.009478
780 11103439 0.008027
781 9851066 0.004971
782 10334204 0.005929
783 10633693 0.006158
784 10338907 0.004959
785 9774697 0.008421
786 13004719 0.008741
787 10916082 0.007347
788 12048344 0.011513
789 12545916 0.009871
79 11174561 0.006946
790 9220738 0.005877
791 12076390 0.009182
792 12599940 0.009529
793 9768838 0.00516
794 10685023 0.005566
795 11764364 0.006449
796 10661736 0.005672
797 10177988 0.004576
798 12897738 0.005353
799 10534627 0.003098
8 12647733 0.005565
80 11486400 0.009025
800 11106406 0.008037
801 12997705 0.008624
802 11475019 0.007385
803 8997816 0.00425
804 8675470 0.002879
805 9738891 0.011547
806 10763515 0.008085
807 9664726 0.005828
808 12883182 0.008332
809 12322211 0.007204
81 12521959 0.007183
810 12223021 0.006289
811 10858881 0.00542
812 8477686 0.002032
813 12389300 0.005476
814 11674834 0.0047
815 9063153 0.002854
816 11337267 0.003908
817 10397972 0.003379
818 11358898 0.004613
819 11957729 0.007853
82 11880733 0.009644
820 9743795 0.005511
821 12238776 0.007126
822 11956293 0.006629
823 11558851 0.010153
824 10858644 0.007537
825 9913102 0.007237
826 11607569 0.007542
827 10827886 0.009622
828 10483605 0.005797
829 10383520 0.006237
83 11068758 0.010035
830 10139334 0.005661
831 9324778 0.00407
832 10984820 0.00589
833 9739184 0.005387
834 10831503 0.004785
835 9635258 0.004977
836 8842750 0.002702
837 8713725 0.003471
838 10944423 0.00881
839 8872843 0.004846
84 11490271 0.006844
840 9954910 0.004664
841 10956898 0.006792
842 10004970 0.006156
843 8731191 0.003786
844 11538458 0.006924
845 11960571 0.007711
846 11425983 0.007068
847 8647501 0.003929
848 8634807 0.003094
849 11338861 0.006164
85 12189150 0.005839
850 13047131 0.005142
851 11155283 0.004395
852 9754805 0.003609
853 9245646 0.002769
854 11579790 0.004316
855 9515363 0.006782
856 9459191 0.00385
857 10121246 0.003552
858 11580265 0.005307
859 10407209 0.004071
86 9971329 0.003749
860 9298592 0.002847
861 12517986 0.005302
862 10867907 0.004107
863 10074669 0.002914
864 8203628 0.002073
865 11278297 0.003563
866 11778098 0.004401
867 11010154 0.003411
868 9538209 0.002805
869 8750655 0.002343
87 8436188 0.002257
870 10436755 0.003419
871 9598290 0.005291
872 9932959 0.005839
873 11794037 0.006617
874 9417813 0.004156
875 12867181 0.006866
876 11896818 0.004983
877 11107767 0.004135
878 11852687 0.011741
879 10301710 0.006066
88 10235645 0.005513
880 8790436 0.005127
881 11159450 0.006932
882 9062788 0.003748
883 11552257 0.006811
884 11626142 0.006316
885 12489194 0.005697
886 9730878 0.004052
887 8794802 0.003039
888 10207755 0.003479
889 11711552 0.010169
89 9798136 0.004533
890 10251813 0.004757
891 9632266 0.003335
892 11148159 0.005316
893 9748862 0.003422
894 10591083 0.003697
895 10832736 0.003602
896 11860641 0.004747
897 12336390 0.004765
898 10924669 0.004109
899 12114932 0.01061
9 13420068 0.010436
90 8579683 0.003693
900 9150460 0.004969
901 8516645 0.003391
902 10343408 0.005833
903 12569227 0.006929
904 9703983 0.004099
905 10482171 0.004841
906 12216013 0.010682
907 12225929 0.009321
908 12538323 0.008793
909 8261055 0.003151
91 9284180 0.003918
910 12013507 0.007386
911 9024667 0.003008
912 10675890 0.005321
913 8929888 0.002742
914 10933011 0.005195
915 7981281 0.002392
916 11093586 0.00374
917 7933054 0.002191
918 8529091 0.002651
919 12238372 0.004916
92 9072107 0.002731
920 9531364 0.002958
921 10557015 0.003476
922 10442635 0.00309
923 11600535 0.003391
924 11625234 0.004745
925 11105362 0.008556
926 10385628 0.004148
927 10222811 0.00366
928 9503522 0.003142
929 9433693 0.004415
93 9344733 0.004233
930 12961440 0.00633
931 11155633 0.004739
932 9595831 0.005521
933 11743408 0.007247
934 9868995 0.003734
935 10452106 0.005604
936 10237485 0.004703
937 9743757 0.003534
938 8923892 0.003138
939 10981985 0.004404
94 10214362 0.003269
940 11418887 0.004661
941 10478424 0.003386
942 12031334 0.004009
943 12425195 0.004937
944 9835498 0.003521
945 8545069 0.002076
946 10105472 0.002924
947 8589714 0.002093
948 11175959 0.004108
949 10182547 0.00307
95 10882465 0.00319
950 12685017 0.004776
951 10116886 0.002679
952 11586236 0.003663
953 9251908 0.002329
954 9646416 0.00243
955 11889512 0.00399
956 13148990 0.004186
957 10351783 0.002882
958 10653211 0.003145
959 9162161 0.002113
96 12072522 0.003875
960 10012404 0.002502
961 9287885 0.002369
962 10336487 0.002809
963 12134526 0.003646
964 9134831 0.002143
965 9766798 0.002975
966 11051677 0.003278
967 10040691 0.005797
968 11392850 0.006165
969 13491650 0.00594
97 13346422 0.011332
970 10699435 0.010293
971 10997451 0.01017
972 9157280 0.00484
973 12802689 0.010951
974 12766859 0.008928
975 9259544 0.00411
976 10073313 0.004876
977 9202972 0.004638
978 10304551 0.004851
979 10146115 0.007234
98 11293713 0.008152
980 11089294 0.009989
981 12531880 0.009382
982 11261586 0.010752
983 8795200 0.005732
984 10801595 0.007358
985 11950615 0.011977
986 12430226 0.010161
987 10085469 0.010594
988 8840408 0.005071
989 9346383 0.004865
99 11474698 0.006623
990 8468610 0.004519
991 10224325 0.005349
992 8336401 0.003384
993 9143263 0.0042
994 11944967 0.006085
995 11205430 0.005039
996 11416260 0.00495
997 10066465 0.007492
998 11269707 0.009113
999 10269924 0.006041
