0 92686682 0.027157
1 83628313 0.032825
10 84600936 0.028876
100 96476423 0.035656
1000 80402916 0.022245
1001 81801007 0.029422
1002 98520629 0.035012
1003 79718038 0.030131
1004 74327640 0.018877
1005 92559877 0.035159
1006 83154075 0.021221
1007 88302473 0.022857
1008 97194188 0.028334
1009 76804921 0.026986
101 81923407 0.029638
1010 92187824 0.034792
1011 74583342 0.025229
1012 80140725 0.02673
1013 69194890 0.017071
1014 88079216 0.032939
1015 78492189 0.030269
1016 85413688 0.030681
1017 94430522 0.036789
1018 79163895 0.028393
1019 81743261 0.027524
102 94166962 0.028119
1020 70827974 0.023663
1021 90943975 0.02615
1022 82478945 0.028985
1023 94911738 0.037535
1024 89289254 0.036568
1025 74939992 0.028112
1026 77006024 0.025085
1027 89033093 0.03382
1028 88204822 0.034171
1029 70107031 0.015743
103 76558815 0.017016
1030 72837969 0.023218
1031 77273397 0.029277
1032 83078677 0.029402
1033 91835011 0.036229
1034 90170712 0.025787
1035 71674455 0.024659
1036 92004648 0.035567
1037 95073163 0.038017
1038 81823847 0.017817
1039 96832754 0.037383
104 80538718 0.028532
1040 72513665 0.02553
1041 81725202 0.026379
1042 74463191 0.018301
1043 84794897 0.030645
1044 70485267 0.025857
1045 79888209 0.029323
1046 78981522 0.025926
1047 81914053 0.031068
1048 94758971 0.035597
1049 75478226 0.027162
105 70518603 0.018253
1050 87694484 0.022778
1051 85811334 0.018715
1052 85768496 0.031276
1053 85134971 0.031665
1054 97157750 0.038628
1055 97136643 0.036458
1056 76069170 0.024598
1057 76148410 0.025944
1058 74006353 0.025136
1059 74291300 0.025388
106 79205446 0.027498
1060 77349010 0.026398
1061 94712674 0.035718
1062 78313361 0.02939
1063 75340320 0.028268
1064 72972995 0.025815
1065 75906097 0.019657
1066 78354854 0.018306
1067 86860387 0.016919
1068 89708908 0.018278
1069 80373684 0.012657
107 89329080 0.019068
1070 78232485 0.011649
1071 91742260 0.016746
1072 92412478 0.020019
1073 85033496 0.017225
1074 93594427 0.019391
1075 79828480 0.01404
1076 74156220 0.011832
1077 74033347 0.012331
1078 83751202 0.026564
1079 97566183 0.025553
108 73421313 0.021529
1080 92206545 0.035256
1081 81274900 0.030355
1082 87598226 0.033165
1083 87961210 0.024644
1084 69893723 0.023287
1085 76805003 0.024625
1086 84676928 0.030039
1087 88752494 0.03264
1088 76900210 0.024997
1089 87983349 0.035467
109 85327704 0.031249
1090 79243868 0.020499
1091 75238404 0.024914
1092 91812110 0.035982
1093 71963386 0.025966
1094 74133329 0.026763
1095 73968482 0.025261
1096 85605221 0.031426
1097 79767975 0.02862
1098 76751338 0.030004
1099 81017862 0.020743
11 86741808 0.021309
110 34465237 0.020838
1100 67118617 0.010958
1101 99807236 0.020464
1102 84757584 0.016532
1103 79183450 0.013199
1104 67579676 0.010471
1105 72144548 0.011791
1106 77138646 0.014308
1107 80597461 0.013909
1108 91107683 0.018621
1109 85894692 0.02469
111 90558051 0.03422
1110 67470785 0.024042
1111 95570670 0.037646
1112 83650636 0.030112
1113 93999291 0.028339
1114 93235802 0.036762
1115 77957915 0.02564
1116 75684651 0.019013
1117 72574753 0.023189
1118 96146380 0.036591
1119 88295660 0.024966
112 68881394 0.017328
1120 91440692 0.024983
1121 93463198 0.020164
1122 90133576 0.023047
1123 74523383 0.015928
1124 73930147 0.013451
1125 89453826 0.031352
1126 89351818 0.037701
1127 87995128 0.032067
1128 76170714 0.020512
1129 75918041 0.026918
113 84884572 0.030127
1130 92528571 0.032684
1131 81297796 0.029454
1132 88400841 0.03295
1133 93638990 0.037569
1134 92770194 0.021887
1135 77146985 0.014436
1136 83090138 0.015868
1137 93156218 0.018265
1138 86159937 0.018961
1139 87367313 0.015535
114 84360498 0.013622
1140 92046608 0.017202
1141 85902381 0.014858
1142 84751552 0.014069
1143 83096823 0.016784
1144 81280022 0.013326
1145 71501310 0.010461
1146 90039229 0.025733
1147 94042487 0.037443
1148 70883038 0.016079
1149 82276252 0.028933
115 76643851 0.02534
1150 91087435 0.036245
1151 96942050 0.036003
1152 91523241 0.03679
1153 81632901 0.02027
1154 87102186 0.035555
1155 73429813 0.02306
1156 95672103 0.035947
1157 85015225 0.033728
1158 86927812 0.025361
1159 72386277 0.015154
116 72335304 0.015673
1160 73705301 0.012811
1161 78902276 0.013511
1162 86048219 0.015684
1163 94375646 0.018055
1164 82146890 0.029545
1165 84946005 0.030221
1166 82971563 0.028286
1167 89198361 0.032207
1168 92316136 0.031686
1169 72602086 0.022716
117 74460408 0.026203
1170 89842209 0.033714
1171 90287821 0.034968
1172 85427611 0.03566
1173 78821969 0.026049
1174 86718920 0.032399
1175 87559528 0.023264
1176 97044866 0.029435
1177 79603187 0.016481
1178 87177313 0.017892
1179 88338693 0.016406
118 73269920 0.019213
1180 86327226 0.020362
1181 85400269 0.021265
1182 75847011 0.022497
1183 85734384 0.024227
1184 76687548 0.015143
1185 97050255 0.021538
1186 68383628 0.011641
1187 94996639 0.019605
1188 89568039 0.016461
1189 97346568 0.018368
119 78142508 0.027319
1190 87653437 0.030985
1191 93247678 0.035658
1192 86069774 0.031796
1193 84352497 0.026449
1194 92761013 0.034848
1195 73958240 0.025863
1196 81432535 0.023104
1197 71838669 0.025253
1198 86164208 0.031055
1199 72349149 0.023924
12 78704360 0.028828
120 83952397 0.029708
1200 82188730 0.029899
1201 70502341 0.018804
1202 79996678 0.017882
1203 77010221 0.016964
1204 72640285 0.013508
1205 75012128 0.013249
1206 84072736 0.014454
1207 85186352 0.01573
1208 85326002 0.016328
1209 80479058 0.011854
121 71247101 0.011321
1210 76560012 0.012511
1211 76225571 0.013135
1212 81705447 0.015231
1213 70413630 0.011427
1214 72707685 0.011178
1215 70215108 0.010617
1216 90702906 0.034474
1217 86861420 0.024717
1218 74828669 0.025314
1219 77065944 0.021066
122 75898886 0.026217
1220 85943159 0.024523
1221 87982971 0.033587
1222 85976597 0.034413
1223 74473080 0.023534
1224 83318512 0.029057
1225 84808058 0.032852
1226 86251595 0.033767
1227 82170758 0.033296
1228 80961258 0.029076
1229 82676619 0.029886
123 90294928 0.033359
1230 84338448 0.029172
1231 96456730 0.037343
1232 71783726 0.02374
1233 79630722 0.031379
1234 86841865 0.025029
1235 81184083 0.01894
1236 89117728 0.018662
1237 78478114 0.020895
1238 89259049 0.034274
1239 90665145 0.035837
124 71817595 0.024624
1240 84375275 0.030568
1241 97665328 0.037562
1242 84292877 0.018767
1243 93449612 0.021461
1244 76688939 0.025756
1245 91135969 0.030736
1246 91679829 0.036937
1247 68823316 0.025729
1248 83831993 0.030968
1249 72383225 0.024036
125 67834685 0.023825
1250 84966389 0.031867
1251 80805162 0.027085
1252 88381181 0.034095
1253 70438200 0.023904
1254 75165837 0.025746
1255 73253173 0.026647
1256 83866281 0.031211
1257 74952860 0.024382
1258 87241475 0.03619
1259 92629308 0.025076
126 81836118 0.029148
1260 81714019 0.029338
1261 95190221 0.034496
1262 92299925 0.032692
1263 95179352 0.035486
1264 77354151 0.029603
1265 87100971 0.033084
1266 92076937 0.024667
1267 88065130 0.020616
1268 78209309 0.018197
1269 75055053 0.024252
127 71231438 0.022912
1270 87215484 0.024181
1271 88579956 0.032012
1272 91796570 0.036776
1273 79503763 0.029478
1274 75059003 0.017492
1275 97079234 0.037788
1276 84230417 0.030697
1277 96721363 0.037202
1278 73255127 0.026672
1279 95059729 0.03614
128 92184407 0.025077
1280 76053756 0.024934
1281 86784640 0.033795
1282 88754673 0.035395
1283 91349154 0.037065
1284 72107176 0.023457
1285 81907391 0.024607
1286 88367453 0.036861
1287 90167630 0.036199
1288 77882800 0.024963
1289 98483952 0.034058
129 74201111 0.025003
1290 87080544 0.030291
1291 92789646 0.036022
1292 92653676 0.035285
1293 77776240 0.0273
1294 78880870 0.020688
1295 87113755 0.035452
1296 80850951 0.017261
1297 86166654 0.019177
1298 87136332 0.027313
1299 86837543 0.031481
13 91236296 0.036493
130 91796121 0.034608
1300 77185280 0.017444
1301 86661287 0.01811
1302 85264730 0.023154
1303 89367916 0.033031
1304 78445986 0.022366
1305 87268937 0.02003
1306 81482620 0.02656
1307 75624534 0.026613
1308 77445451 0.025998
1309 85431370 0.031749
131 73245502 0.023524
1310 93798534 0.037262
1311 98668284 0.037392
1312 91594838 0.034945
1313 74601476 0.027078
1314 95415816 0.036775
1315 79065368 0.029352
1316 77843429 0.027841
1317 94047522 0.029796
1318 80764645 0.028863
1319 98105396 0.036612
132 82464966 0.030897
1320 76650660 0.025659
1321 87689456 0.029613
1322 90467028 0.035387
1323 91567961 0.029763
1324 85504496 0.030781
1325 86464088 0.032863
1326 70626374 0.02423
1327 86417985 0.023766
1328 91999415 0.035297
1329 96448142 0.038035
133 81787814 0.02968
1330 93870404 0.033824
1331 83244440 0.028997
1332 85595779 0.036075
1333 92036277 0.034618
1334 94916654 0.035971
1335 82013088 0.02033
1336 84820191 0.036445
1337 91954095 0.034587
1338 95133173 0.037237
1339 92368879 0.034901
134 91672500 0.038671
1340 81737714 0.021836
1341 73394567 0.016551
1342 88928126 0.033678
1343 81523392 0.031982
1344 86445985 0.025426
1345 88052382 0.033356
1346 76493534 0.02421
1347 94221434 0.036198
1348 94541902 0.024899
1349 94877195 0.017618
135 85517408 0.015146
1350 80473545 0.019033
1351 94936234 0.034069
1352 72099084 0.024897
1353 92111849 0.035856
1354 89181145 0.034538
1355 78163187 0.027782
1356 85802297 0.024877
1357 91447001 0.023214
1358 90611227 0.018805
1359 93854898 0.028432
136 80137132 0.014604
1360 91312063 0.01888
1361 94138166 0.018952
1362 87490937 0.021863
1363 82311754 0.019723
1364 93184218 0.022697
1365 93475102 0.037221
1366 78492654 0.018726
1367 95866191 0.035686
1368 97052978 0.035551
1369 84688049 0.032503
137 83554804 0.031134
1370 92584541 0.028262
1371 77862332 0.027992
1372 79998368 0.022733
1373 86781410 0.031315
1374 90092599 0.034815
1375 76963977 0.018615
1376 91180071 0.036391
1377 97022946 0.028517
1378 87442571 0.033192
1379 72511183 0.023822
138 86314332 0.030608
1380 75863940 0.026275
1381 94577282 0.035856
1382 93801327 0.035753
1383 74848364 0.023913
1384 85383150 0.031984
1385 89044113 0.02924
1386 74716475 0.017998
1387 73308418 0.015241
1388 81547404 0.018512
1389 77484747 0.03014
139 85655722 0.022823
1390 92302761 0.020719
1391 89744567 0.028126
1392 94098317 0.038335
1393 85036401 0.033884
1394 80764692 0.030052
1395 89173433 0.035123
1396 83945627 0.032155
1397 81082708 0.029345
1398 81451552 0.027158
1399 89151447 0.025663
14 75352251 0.024381
140 79848839 0.028296
1400 75537476 0.027311
1401 70162222 0.024881
1402 88487001 0.034617
1403 74219059 0.025684
1404 90881252 0.028114
1405 95265555 0.036227
1406 88464562 0.036556
1407 89072490 0.026399
1408 89727104 0.030306
1409 76270160 0.028104
141 83995690 0.023034
1410 94634344 0.038118
1411 91507182 0.036253
1412 81834685 0.021017
1413 80090862 0.027295
1414 92488397 0.033789
1415 77259039 0.02772
1416 85453759 0.032848
1417 79327115 0.026275
1418 75653353 0.024853
1419 85133855 0.031861
142 93279422 0.034779
1420 89933505 0.034652
1421 92090242 0.036466
1422 81732366 0.02991
1423 74941587 0.025206
1424 70902428 0.025138
1425 71945082 0.017988
1426 84920238 0.024904
1427 90995424 0.034344
1428 70163987 0.02356
1429 85044824 0.031167
143 73509510 0.017183
1430 90847596 0.024347
1431 81615435 0.030432
1432 73663200 0.028131
1433 91840467 0.036334
1434 73684002 0.024058
1435 86193974 0.032881
1436 91356155 0.034186
1437 87487798 0.032045
1438 85872200 0.033392
1439 78452978 0.025961
144 83119320 0.028955
1440 77096815 0.027975
1441 70374616 0.017264
1442 95092821 0.03895
1443 93911387 0.036398
1444 89000381 0.023349
1445 89590807 0.020226
1446 94984827 0.02721
1447 84756672 0.01928
1448 68670650 0.024116
1449 79246495 0.02962
145 88754087 0.033234
1450 84728737 0.023435
1451 87389546 0.03115
1452 89918557 0.033352
1453 71504965 0.025532
1454 87268130 0.034362
1455 80056072 0.027018
1456 76404214 0.027232
1457 92181614 0.035138
1458 82322924 0.021323
1459 93138492 0.022613
146 85698645 0.017787
1460 74005913 0.011301
1461 82760728 0.013906
1462 71541760 0.010154
1463 79431636 0.0127
1464 90433864 0.019531
1465 74313194 0.011971
1466 94544335 0.019514
1467 97306257 0.038811
1468 89462428 0.027287
1469 93853499 0.02286
147 94003994 0.027286
1470 78281595 0.016873
1471 95310294 0.036373
1472 88642499 0.024076
1473 93119507 0.036932
1474 79127835 0.030292
1475 85964252 0.033179
1476 83072989 0.029689
1477 86304584 0.025247
1478 85616746 0.019257
1479 82419767 0.01541
148 70887317 0.01112
1480 81155322 0.023415
1481 89723445 0.034775
1482 76226101 0.024001
1483 75436458 0.025732
1484 93941729 0.036843
1485 96829159 0.026604
1486 75681697 0.016191
1487 80706780 0.013954
1488 80943082 0.013713
1489 77996876 0.012508
149 71559119 0.011168
1490 76262400 0.013357
1491 79133593 0.012012
1492 83727891 0.015183
1493 76429669 0.013024
1494 70688522 0.011171
1495 84320049 0.016663
1496 91522210 0.01739
1497 88281352 0.016184
1498 82947585 0.015649
1499 86164960 0.016215
15 68562277 0.024664
150 73902351 0.024202
1500 77339510 0.028487
1501 94031119 0.036124
1502 95634203 0.029944
1503 88973233 0.020836
1504 87911983 0.023471
1505 87843808 0.033119
1506 93383310 0.035972
1507 89094820 0.034936
1508 89523967 0.034175
1509 87279485 0.032989
151 74445904 0.024825
1510 95676449 0.030581
1511 87067251 0.021356
1512 89043957 0.027781
1513 85174021 0.026207
1514 72063319 0.025356
1515 94927413 0.03724
1516 84461391 0.030379
1517 96329798 0.035414
1518 82098650 0.030078
1519 91428832 0.033611
152 84091964 0.032629
1520 86075239 0.030325
1521 88058334 0.032846
1522 69437855 0.02416
1523 75771958 0.026027
1524 89189682 0.034035
1525 94087188 0.037849
1526 86208494 0.033153
1527 78634039 0.027738
1528 82775159 0.031615
1529 79469556 0.020925
153 72851948 0.025597
1530 96754672 0.037397
1531 83376814 0.03275
1532 72935443 0.024753
1533 92699738 0.034703
1534 98575182 0.03639
1535 79937534 0.030099
1536 70099615 0.027185
1537 79094612 0.026231
1538 85301962 0.028936
1539 88356662 0.024555
154 76033310 0.026044
1540 83021750 0.030761
1541 92560393 0.034557
1542 83227624 0.027409
1543 88464240 0.032675
1544 72047836 0.023966
1545 74786935 0.021003
1546 87342490 0.033453
1547 93806593 0.037592
1548 69858648 0.024465
1549 73659904 0.024946
155 94000295 0.029575
1550 91689535 0.023156
1551 82338870 0.014544
1552 82571726 0.015227
1553 75668412 0.01201
1554 77564690 0.013114
1555 88549155 0.016787
1556 73548598 0.011447
1557 85870678 0.01459
1558 89151091 0.017138
1559 79329839 0.014133
156 91876786 0.01794
1560 92444008 0.017264
1561 77472600 0.014714
1562 80486714 0.014725
1563 86067454 0.01596
1564 74330575 0.017205
1565 88030382 0.035647
1566 95755095 0.035753
1567 73394037 0.026343
1568 77605911 0.019297
1569 83117008 0.03179
157 69766106 0.022962
1570 91110853 0.03423
1571 76973258 0.019056
1572 85877240 0.017877
1573 72870041 0.013286
1574 69026754 0.011309
1575 87596620 0.01684
1576 73504627 0.010608
1577 84990393 0.0169
1578 86792051 0.016986
1579 82647547 0.014199
158 91877114 0.017923
1580 71991204 0.017326
1581 91555362 0.033805
1582 88768765 0.034865
1583 79009532 0.027235
1584 81193836 0.031893
1585 74656246 0.022066
1586 87422809 0.032941
1587 93392442 0.035928
1588 91325659 0.035107
1589 84106092 0.030279
159 90564985 0.032614
1590 71082906 0.015545
1591 90667481 0.023424
1592 94920441 0.033864
1593 95563214 0.037005
1594 71815171 0.016233
1595 85735854 0.028477
1596 88314192 0.033738
1597 78283012 0.026885
1598 73282605 0.023212
1599 83397863 0.03025
16 95640922 0.038026
160 95722919 0.037966
1600 81979933 0.020342
1601 71325616 0.012788
1602 92380308 0.021063
1603 92286112 0.018671
1604 88565737 0.018858
1605 77308176 0.013356
1606 76747439 0.012111
1607 69918364 0.010502
1608 90768604 0.016879
1609 84910604 0.014022
161 70868383 0.010664
1610 94256934 0.018101
1611 89671932 0.019416
1612 89417569 0.025198
1613 74191824 0.014629
1614 85349331 0.017162
1615 82420407 0.015346
1616 91252262 0.017858
1617 81787718 0.014772
1618 83497422 0.013683
1619 77066694 0.012912
162 73658015 0.01069
1620 79110764 0.013107
1621 90634129 0.018819
1622 74992393 0.011399
1623 95740772 0.019496
1624 73452841 0.011554
1625 94179846 0.035185
1626 88859165 0.033051
1627 94702016 0.038048
1628 73049959 0.015402
1629 88425017 0.019719
163 78405108 0.014244
1630 74019948 0.011497
1631 93238955 0.016842
1632 96630359 0.01937
1633 86746104 0.016506
1634 91952580 0.017608
1635 69144242 0.010723
1636 79707746 0.010788
1637 94907727 0.018955
1638 79137031 0.014638
1639 77669343 0.013105
164 74809285 0.012713
1640 71130288 0.011353
1641 66338644 0.020869
1642 93549614 0.03709
1643 79996411 0.028746
1644 83366097 0.024034
1645 86099886 0.033989
1646 89200012 0.033791
1647 78581244 0.019471
1648 94350435 0.037406
1649 80682667 0.020285
165 76730799 0.019265
1650 87706946 0.020236
1651 92986109 0.01925
1652 83691696 0.022489
1653 80444015 0.015681
1654 82331790 0.02142
1655 79536715 0.016586
1656 78593478 0.027722
1657 93405947 0.030512
1658 91254086 0.036379
1659 93935241 0.034765
166 74377264 0.018012
1660 91679885 0.021636
1661 87192839 0.028247
1662 94302997 0.020162
1663 80965448 0.014835
1664 80396903 0.019717
1665 74615721 0.013492
1666 84802654 0.017454
1667 82363514 0.026854
1668 81381337 0.020718
1669 82308851 0.027533
167 78095551 0.026539
1670 73139013 0.025378
1671 69867742 0.017451
1672 62813909 0.016084
1673 76058096 0.015598
1674 84386225 0.028605
1675 92016826 0.024472
1676 95358381 0.018323
1677 78393337 0.023854
1678 80030855 0.026657
1679 71612985 0.025609
168 87919057 0.032838
1680 89007714 0.033964
1681 80102597 0.028997
1682 82125361 0.02852
1683 76991233 0.025322
1684 71819382 0.025047
1685 76230510 0.025579
1686 86822466 0.027251
1687 89719941 0.032882
1688 93405156 0.03581
1689 96703413 0.036735
169 83509792 0.030325
1690 82226925 0.030785
1691 80521187 0.028903
1692 74519458 0.027246
1693 85357469 0.033529
1694 88697824 0.035256
1695 78497654 0.027901
1696 91809986 0.036269
1697 90035274 0.034997
1698 73700505 0.025112
1699 91124238 0.034745
17 72292112 0.023699
170 90204768 0.028131
1700 86433756 0.031365
1701 80309230 0.018426
1702 77077379 0.015926
1703 75921720 0.015109
1704 92565319 0.020369
1705 79073185 0.013997
1706 88466347 0.016402
1707 71424338 0.014992
1708 95573756 0.037835
1709 79217581 0.029504
171 84107366 0.029864
1710 90612532 0.034646
1711 87534176 0.032395
1712 89336057 0.026398
1713 69250792 0.023086
1714 87986501 0.031777
1715 88669647 0.0347
1716 87680303 0.032259
1717 73799826 0.023607
1718 91555358 0.035249
1719 83679982 0.032229
172 95474441 0.037207
1720 72899767 0.026485
1721 77044582 0.021805
1722 84116804 0.031148
1723 61402766 0.027019
1724 94278213 0.029157
1725 82116910 0.029241
1726 79117399 0.026315
1727 90583357 0.033177
1728 75564399 0.027478
1729 78054569 0.027374
173 85625977 0.03061
1730 87370268 0.033287
1731 95708779 0.034817
1732 70409471 0.024929
1733 83576519 0.032118
1734 72628415 0.025445
1735 91376350 0.033503
1736 73587652 0.024804
1737 77675116 0.028141
1738 89633072 0.036972
1739 77071276 0.026004
174 93940140 0.029868
1740 84591306 0.033875
1741 63843093 0.03097
1742 82501870 0.030886
1743 88849186 0.023828
1744 95354386 0.037668
1745 89174220 0.032184
1746 84463951 0.029306
1747 83217998 0.029751
1748 90844700 0.031559
1749 93448081 0.035847
175 77354886 0.024879
1750 89547782 0.03342
1751 89874148 0.02647
1752 81551436 0.029464
1753 73345478 0.024604
1754 72954225 0.024048
1755 75224129 0.026078
1756 83869679 0.031915
1757 80084875 0.020856
1758 72623788 0.024754
1759 88547508 0.031084
176 95350964 0.035758
1760 93176280 0.036177
1761 70512184 0.023311
1762 73415482 0.020713
1763 90938904 0.036404
1764 96398218 0.027552
1765 96334984 0.020677
1766 74147497 0.019881
1767 94970352 0.025144
1768 81740042 0.030419
1769 81094614 0.027799
177 97475957 0.037817
1770 84411739 0.03061
1771 71169816 0.0229
1772 87528111 0.032818
1773 91782655 0.037854
1774 88361881 0.033206
1775 78241117 0.019809
1776 87792691 0.021391
1777 93128359 0.033537
1778 73660861 0.023474
1779 75190816 0.025191
178 85636167 0.030411
1780 86850156 0.035279
1781 89088909 0.034361
1782 95840301 0.037323
1783 72582389 0.025568
1784 79489723 0.029784
1785 72978652 0.027113
1786 77905066 0.033357
1787 85788615 0.033124
1788 70709584 0.023745
1789 82357052 0.029757
179 78779921 0.031077
1790 80958653 0.021131
1791 94612620 0.024759
1792 82958736 0.014195
1793 80918204 0.016239
1794 85508425 0.016789
1795 83617105 0.01395
1796 90934691 0.017826
1797 76687727 0.013157
1798 80250847 0.011933
1799 90922882 0.016905
18 80746936 0.014074
180 88093029 0.015882
1800 76454380 0.01745
1801 88546838 0.021405
1802 84548615 0.015217
1803 74548376 0.010972
1804 88090424 0.01774
1805 92724427 0.037399
1806 88115352 0.031829
1807 81499514 0.030208
1808 97094355 0.030011
1809 89959782 0.034447
181 95731910 0.035797
1810 92133836 0.035051
1811 89760095 0.03509
1812 77881542 0.02684
1813 74120816 0.026607
1814 79977997 0.027907
1815 73150096 0.024432
1816 92087474 0.036072
1817 84615068 0.03069
1818 74906311 0.026216
1819 91839657 0.034405
182 86481992 0.030663
1820 92377546 0.036759
1821 79896106 0.020203
1822 85517964 0.018003
1823 96207720 0.02159
1824 78574277 0.012688
1825 77068565 0.012034
1826 71400575 0.011879
1827 87957475 0.016774
1828 78654037 0.015978
1829 82215402 0.018835
183 73418526 0.013444
1830 80556012 0.015663
1831 88959494 0.017948
1832 90047196 0.027752
1833 90889202 0.02429
1834 74889851 0.014702
1835 86839997 0.016266
1836 75438185 0.0121
1837 92989870 0.0195
1838 84006969 0.022811
1839 81504365 0.023169
184 88200889 0.033498
1840 96256340 0.038168
1841 76486881 0.026559
1842 73603892 0.02549
1843 87600432 0.026443
1844 87393245 0.034526
1845 91291499 0.036482
1846 83089659 0.028724
1847 72779278 0.023723
1848 95157104 0.034922
1849 90073254 0.036359
185 82753634 0.031563
1850 82238991 0.021523
1851 76878663 0.01546
1852 84773926 0.016779
1853 73133911 0.013282
1854 91121047 0.025761
1855 79332957 0.015914
1856 93009104 0.033525
1857 91163280 0.026355
1858 68565785 0.023617
1859 79699233 0.029102
186 76592714 0.018561
1860 79945685 0.029556
1861 79487323 0.028473
1862 86122421 0.031101
1863 86452952 0.025812
1864 85866635 0.033847
1865 80980144 0.027363
1866 83735832 0.031186
1867 83746333 0.028363
1868 88505816 0.032882
1869 87518997 0.035068
187 69583008 0.024471
1870 71060089 0.02274
1871 86934150 0.035328
1872 85036938 0.022759
1873 74572403 0.027078
1874 74395687 0.023782
1875 77298626 0.024837
1876 73868703 0.024704
1877 95507046 0.035967
1878 91499505 0.034838
1879 86836630 0.034306
188 81788995 0.029289
1880 89323044 0.035122
1881 92828050 0.034706
1882 92435844 0.034339
1883 88707542 0.032722
1884 82880917 0.028505
1885 75006237 0.02389
1886 71774044 0.024657
1887 76108833 0.025399
1888 87563733 0.033155
1889 92327969 0.032379
189 87942954 0.023453
1890 85812809 0.030329
1891 89755321 0.03477
1892 84603638 0.035648
1893 75181123 0.02458
1894 78564943 0.027785
1895 79952028 0.030272
1896 78677057 0.027914
1897 86619100 0.032407
1898 83341480 0.029144
1899 73662987 0.024213
19 73918472 0.025049
190 86308783 0.032765
1900 84642245 0.033954
1901 88086406 0.033752
1902 91182890 0.031909
1903 77025709 0.017034
1904 96730218 0.038384
1905 89803098 0.033499
1906 79881009 0.027328
1907 89553361 0.032811
1908 88415543 0.027424
1909 87385956 0.020836
191 95246227 0.020944
1910 85749887 0.032224
1911 80470463 0.029589
1912 78038952 0.028453
1913 76652872 0.023961
1914 80889864 0.029365
1915 87919235 0.03212
1916 90251542 0.026099
1917 79486130 0.027725
1918 85037062 0.030685
1919 76540337 0.02749
192 80240034 0.029731
1920 12136721 0.024141
1921 81382617 0.02543
1922 90811597 0.034548
1923 79567630 0.028084
1924 74999933 0.018424
1925 90480059 0.025315
1926 88953569 0.020409
1927 69679434 0.024227
1928 73746678 0.035496
1929 77344041 0.027267
193 87548097 0.033958
1930 77481858 0.026242
1931 71093185 0.025037
1932 87107015 0.033538
1933 82234948 0.02725
1934 76398813 0.028799
1935 82229630 0.021852
1936 72443389 0.015506
1937 96716757 0.037509
1938 87680915 0.034129
1939 103877867 0.037327
194 79667859 0.01882
1940 80228882 0.025019
1941 77313633 0.026549
1942 75537119 0.026573
1943 84993759 0.03128
1944 80619166 0.028544
1945 68456119 0.022577
1946 94073931 0.029462
1947 92272294 0.036848
1948 93748454 0.036467
1949 71391060 0.023774
195 92888662 0.028501
1950 78080628 0.030823
1951 82960402 0.028005
1952 91307065 0.027343
1953 86267920 0.030399
1954 92196161 0.036255
1955 75899452 0.026121
1956 85783837 0.031289
1957 77410764 0.02599
1958 71260598 0.017729
1959 76608106 0.025541
196 94769152 0.037871
1960 85852095 0.033254
1961 83286289 0.03101
1962 80802940 0.019926
1963 80517180 0.028467
1964 74345566 0.018212
1965 87440365 0.020878
1966 72860642 0.024151
1967 75479548 0.025056
1968 84451603 0.023626
1969 83386417 0.019477
197 90279990 0.019357
1970 90503364 0.018932
1971 87161235 0.015686
1972 93885988 0.01884
1973 86834597 0.016997
1974 83122237 0.014308
1975 81236785 0.014742
1976 95556152 0.019935
1977 87442515 0.016019
1978 82464187 0.015898
1979 91573189 0.020081
198 80922563 0.01317
1980 71792188 0.011424
1981 92908846 0.019153
1982 78428549 0.017019
1983 80619936 0.030049
1984 84629243 0.024072
1985 78790687 0.016487
1986 86806020 0.032081
1987 87368365 0.023805
1988 75326891 0.026569
1989 73071470 0.024652
199 94582046 0.029065
1990 85835841 0.02233
1991 90268571 0.034179
1992 92377601 0.038221
1993 90083696 0.033796
1994 92020419 0.027165
1995 71403794 0.014454
1996 76241039 0.012752
1997 74464436 0.011312
1998 97913955 0.01983
1999 84756169 0.016737
2 77779276 0.013454
20 88261728 0.015767
200 69542147 0.010622
2000 83979146 0.014011
2001 82866156 0.01618
2002 80708756 0.01455
2003 78956068 0.013128
2004 93380379 0.018473
2005 80468872 0.017198
2006 72264726 0.010423
2007 81323236 0.014693
2008 75865490 0.012922
2009 80725195 0.013943
201 72393746 0.011497
2010 97089659 0.01905
2011 82318724 0.024511
2012 71097373 0.025163
2013 71556857 0.018531
2014 74419567 0.019249
2015 91542541 0.023465
2016 81715193 0.014868
2017 78584277 0.028098
2018 80286633 0.02701
2019 86161205 0.023578
202 88612251 0.033506
2020 70607769 0.018414
2021 79703923 0.019561
2022 83043822 0.015507
2023 74321523 0.011992
2024 72047353 0.011852
2025 85107138 0.015394
2026 87162215 0.015889
2027 93022977 0.018675
2028 90151460 0.018532
2029 97205864 0.020281
203 69666166 0.011452
2030 83108179 0.022243
2031 75014689 0.024074
2032 87016197 0.032995
2033 87546339 0.022753
2034 84536996 0.018054
2035 90619231 0.019693
2036 86064595 0.017261
2037 71651083 0.015785
2038 86360439 0.020501
2039 75923963 0.025019
204 75468637 0.021256
2040 88333341 0.03527
2041 79976084 0.03033
2042 84387313 0.032968
2043 76025998 0.026272
2044 79382063 0.032981
2045 93730964 0.033596
2046 89904967 0.023019
2047 91849204 0.022889
2048 84421226 0.015721
2049 75261746 0.012273
205 78539146 0.013726
2050 75719523 0.012631
2051 77264815 0.012766
2052 77376657 0.013094
2053 75851681 0.012022
2054 84283465 0.015405
2055 77742704 0.014251
2056 95341756 0.019605
2057 89161611 0.016451
2058 88287069 0.015911
2059 80568550 0.014443
206 73549953 0.011356
2060 82374623 0.015419
2061 89897137 0.034252
2062 83375491 0.029723
2063 86994743 0.033975
2064 87103051 0.021754
2065 92597494 0.022422
2066 89030420 0.025659
2067 78968006 0.016189
2068 87918996 0.032579
2069 76264626 0.026418
207 82304388 0.027761
2070 81455188 0.023827
2071 80997956 0.027983
2072 82657190 0.029429
2073 84827956 0.032889
2074 92225314 0.033501
2075 72243236 0.024067
2076 84795622 0.026154
2077 88268689 0.022869
2078 80297600 0.01582
2079 91029012 0.019996
208 89954713 0.01831
2080 75349778 0.021539
2081 75906782 0.020837
2082 76137595 0.025359
2083 85083522 0.024352
2084 84060661 0.030572
2085 94303870 0.037736
2086 90748364 0.035292
2087 81480004 0.028615
2088 86616142 0.029597
2089 83677438 0.029976
209 92587843 0.034042
2090 82992761 0.028377
2091 76720165 0.025296
2092 77777662 0.025596
2093 87314968 0.031036
2094 83724208 0.033804
2095 82330701 0.028642
2096 79675735 0.029337
2097 70758477 0.024574
2098 70991180 0.025768
2099 86101676 0.03292
21 73430040 0.024107
210 71969260 0.023777
2100 78898484 0.02753
2101 74098187 0.023414
2102 98693785 0.038155
2103 88267179 0.023858
2104 89909545 0.021375
2105 94703653 0.021849
2106 79468919 0.015172
2107 87396688 0.01613
2108 77210201 0.014182
2109 93283498 0.0195
211 32952219 0.019806
2110 95845513 0.0185
2111 87509973 0.017514
2112 82598667 0.014538
2113 82652010 0.013688
2114 75172940 0.01143
2115 86674781 0.016889
2116 85041186 0.016157
2117 92440344 0.018149
2118 80755609 0.02252
2119 84504000 0.029047
212 94471256 0.038292
2120 80469617 0.026648
2121 78844727 0.025108
2122 90363768 0.036802
2123 79631390 0.030688
2124 94745235 0.037802
2125 81126826 0.02918
2126 85829164 0.032371
2127 96917545 0.037275
2128 92499130 0.025542
2129 86181190 0.031549
213 75534028 0.027505
2130 87902367 0.034967
2131 80814862 0.027517
2132 67540006 0.025128
2133 73049949 0.018408
2134 76315611 0.02641
2135 91556702 0.027439
2136 93090605 0.023558
2137 76305680 0.012643
2138 90200467 0.019254
2139 91320915 0.019082
214 75475953 0.011961
2140 72135115 0.012337
2141 82628666 0.014296
2142 72259884 0.011057
2143 83829802 0.031311
2144 78234962 0.025742
2145 90212568 0.030855
2146 72929053 0.019101
2147 76892641 0.01545
2148 99554851 0.035235
2149 86608252 0.031823
215 91691424 0.037224
2150 90658425 0.024796
2151 69488088 0.012528
2152 71742182 0.01245
2153 97253207 0.019981
2154 76578697 0.012454
2155 86586510 0.015856
2156 77241193 0.012637
2157 97753155 0.019829
2158 85879303 0.024683
2159 98348386 0.036886
216 96649113 0.026205
2160 90863602 0.028004
2161 82581946 0.029543
2162 81087675 0.028872
2163 91249403 0.035216
2164 71692186 0.025503
2165 79621868 0.027543
2166 76872371 0.027382
2167 84232262 0.032395
2168 86353178 0.033662
2169 74701539 0.020402
217 75745516 0.017177
2170 88333700 0.018128
2171 94707529 0.019739
2172 86117650 0.01502
2173 73673607 0.010577
2174 84932172 0.015629
2175 74171319 0.012168
2176 73436847 0.01087
2177 88032198 0.018252
2178 77164871 0.01249
2179 84956860 0.018163
218 89408011 0.019037
2180 89277968 0.022176
2181 70310905 0.013182
2182 93223755 0.020155
2183 78134446 0.011583
2184 86218719 0.014642
2185 83724108 0.014128
2186 83279452 0.01675
2187 87873322 0.014808
2188 74254115 0.011558
2189 72152332 0.011333
219 89489253 0.030844
2190 82216438 0.026456
2191 95821467 0.03907
2192 92470600 0.034343
2193 75283262 0.026377
2194 73296309 0.024347
2195 85007355 0.023636
2196 76949223 0.026633
2197 93503177 0.028737
2198 81681890 0.018715
2199 86475456 0.017803
22 86658116 0.033528
220 87733053 0.032564
2200 78323965 0.027905
2201 68038318 0.023298
2202 72627344 0.017425
2203 73459873 0.017413
2204 91553641 0.033135
2205 91982751 0.033693
2206 78256526 0.019001
2207 85816587 0.021613
2208 86050888 0.01724
2209 72865514 0.010589
221 79282107 0.013341
2210 83763577 0.029996
2211 80934245 0.033105
2212 89378918 0.036028
2213 80043248 0.03035
2214 78336226 0.027135
2215 83386354 0.032548
2216 78854712 0.030198
2217 94624970 0.035888
2218 77538807 0.024577
2219 90565824 0.034841
222 97447569 0.037579
2220 85858652 0.021969
2221 75132742 0.014951
2222 74219812 0.015818
2223 96727578 0.031478
2224 88262978 0.035513
2225 89666435 0.034807
2226 85438213 0.032629
2227 88493011 0.033416
2228 73860357 0.023416
2229 87606075 0.031127
223 91316810 0.023975
2230 94835229 0.036267
2231 88420460 0.02191
2232 94515786 0.03596
2233 89249636 0.025485
2234 90831034 0.036501
2235 73931969 0.026568
2236 90476111 0.029123
2237 78417914 0.01636
2238 87695966 0.017014
2239 81825874 0.020345
224 89140435 0.034013
2240 73620837 0.022467
2241 82938884 0.031993
2242 87464044 0.034003
2243 87373367 0.022736
2244 77163801 0.029494
2245 92265702 0.025575
2246 73205204 0.022845
2247 70284526 0.01991
2248 81014163 0.017389
2249 89452233 0.037234
225 56695817 0.036628
2250 91232342 0.036427
2251 78981493 0.028347
2252 80442198 0.031229
2253 81075238 0.029055
2254 85196549 0.024885
2255 75266707 0.014222
2256 74681066 0.013555
2257 80645976 0.028466
2258 80551318 0.028654
2259 87567588 0.032721
226 69601601 0.023016
2260 76378107 0.023518
2261 78814696 0.026098
2262 87032649 0.034147
2263 78317491 0.027638
2264 75677164 0.025772
2265 74002803 0.025181
2266 98470023 0.038384
2267 88867324 0.037351
2268 70905068 0.023478
2269 89169765 0.037069
227 91378573 0.034454
2270 80870916 0.027763
2271 90775144 0.03869
2272 86174127 0.030885
2273 95294131 0.037976
2274 83668196 0.03155
2275 92528795 0.036019
2276 90218068 0.024162
2277 96137777 0.023494
2278 75100927 0.025344
2279 87499453 0.026228
228 83507342 0.030647
2280 79576669 0.028259
2281 85106174 0.034691
2282 82867262 0.027854
2283 86272718 0.030196
2284 91466319 0.034697
2285 87211926 0.03415
2286 90131452 0.030385
2287 86025966 0.032785
2288 94402746 0.038131
2289 98313034 0.0358
229 85735177 0.031424
2290 92239685 0.03436
2291 87791393 0.024968
2292 89874156 0.033974
2293 73453632 0.024077
2294 81221356 0.028466
2295 92893762 0.02865
2296 87557917 0.032241
2297 78375195 0.027154
2298 85554403 0.023725
2299 90333006 0.023013
23 79266926 0.014754
230 79029515 0.013266
2300 88887193 0.015522
2301 78312570 0.013295
2302 94009828 0.020583
2303 84232070 0.016795
2304 92317015 0.016154
2305 79668009 0.013696
2306 92365164 0.018271
2307 93925585 0.030682
2308 89866572 0.022321
2309 81088984 0.023212
231 75027789 0.025682
2310 86956415 0.023672
2311 85947697 0.019909
2312 80018445 0.014551
2313 84768739 0.017407
2314 75076799 0.010747
2315 91149504 0.019892
2316 83749639 0.028062
2317 87637057 0.033406
2318 75755048 0.028664
2319 82314184 0.028403
232 72173437 0.024268
2320 72463503 0.025449
2321 86652112 0.033252
2322 85456160 0.021576
2323 71521244 0.014389
2324 91416788 0.02171
2325 86012671 0.025269
2326 90353386 0.030842
2327 91830683 0.031663
2328 76483920 0.025631
2329 81018442 0.02916
233 89394314 0.026371
2330 73091120 0.029187
2331 90366884 0.03792
2332 72293791 0.023683
2333 68118703 0.026177
2334 89021655 0.035185
2335 87836627 0.029355
2336 84365977 0.022532
2337 85386086 0.032631
2338 66606103 0.017683
2339 77510877 0.027142
234 78787079 0.018575
2340 93323236 0.024929
2341 71244162 0.01883
2342 71352926 0.015579
2343 90813387 0.032024
2344 89240782 0.035076
2345 69804881 0.023947
2346 84399345 0.029798
2347 93006339 0.027878
2348 71841236 0.02671
2349 84249718 0.033519
235 93192857 0.036524
2350 79675206 0.026671
2351 97255021 0.029925
2352 86599017 0.018945
2353 79478272 0.014558
2354 83582796 0.015073
2355 78092986 0.020092
2356 78998231 0.015408
2357 92908547 0.035774
2358 71419175 0.02337
2359 95579280 0.037155
236 87285398 0.031911
2360 83596097 0.028117
2361 88369253 0.033004
2362 89756178 0.025801
2363 91944186 0.021937
2364 87296862 0.017164
2365 93288290 0.019784
2366 91051397 0.017796
2367 79338649 0.013903
2368 75608392 0.022489
2369 77674843 0.023043
237 85501871 0.032426
2370 75503404 0.018169
2371 94491615 0.021192
2372 74985309 0.013866
2373 77304967 0.011529
2374 74894597 0.011681
2375 78795744 0.012169
2376 74220675 0.012929
2377 77044279 0.011513
2378 88747706 0.018445
2379 89719341 0.01863
238 95855872 0.018145
2380 77546973 0.012891
2381 92891181 0.020276
2382 68840944 0.01036
2383 78947192 0.01245
2384 84846088 0.017372
2385 77189396 0.024343
2386 93796746 0.034636
2387 95397050 0.038077
2388 94172636 0.037287
2389 70310428 0.015768
239 80266155 0.017814
2390 92084264 0.034965
2391 94222881 0.038124
2392 74385023 0.023778
2393 94104447 0.030333
2394 72846654 0.015005
2395 93983257 0.024871
2396 83304184 0.028295
2397 93408619 0.034776
2398 70241458 0.023624
2399 98020251 0.036692
24 88304913 0.029895
240 71082370 0.023058
2400 77842797 0.026588
2401 87501947 0.024605
2402 92540097 0.022442
2403 74531874 0.022838
2404 88172822 0.023624
2405 92138903 0.022415
2406 68076778 0.019162
2407 75954834 0.024099
2408 96842260 0.027839
2409 69541000 0.024763
241 92690207 0.034423
2410 94258483 0.034926
2411 84443920 0.031917
2412 75027587 0.019933
2413 90749301 0.035095
2414 73013046 0.024289
2415 78195052 0.028804
2416 92823772 0.035764
2417 79414602 0.027352
2418 73734460 0.018606
2419 74454496 0.016958
242 85455224 0.018941
2420 93071657 0.018329
2421 82860502 0.030633
2422 69443081 0.024362
2423 84694579 0.031933
2424 83607735 0.033318
2425 85309531 0.030835
2426 88410951 0.024079
2427 81432687 0.018241
2428 89706456 0.017804
2429 96702573 0.019182
243 93699566 0.020157
2430 94294354 0.019117
2431 91431316 0.033944
2432 87061920 0.03172
2433 73423386 0.024306
2434 91957739 0.036843
2435 87557944 0.020779
2436 83810391 0.033095
2437 96779451 0.038833
2438 94205944 0.033452
2439 94484697 0.037023
244 84521353 0.032871
2440 70614685 0.023556
2441 91810548 0.034523
2442 87390786 0.033841
2443 69817388 0.016937
2444 86847516 0.022001
2445 76021680 0.027426
2446 90912881 0.027676
2447 98138717 0.036828
2448 94756428 0.037602
2449 77042241 0.028168
245 70754850 0.017441
2450 70558046 0.023413
2451 86452927 0.033927
2452 89962761 0.033127
2453 87195548 0.033429
2454 73873393 0.019233
2455 74479135 0.015355
2456 89588234 0.028059
2457 68195233 0.012966
2458 85846230 0.017663
2459 72566984 0.020272
246 76145003 0.028364
2460 81951315 0.02983
2461 82033084 0.029834
2462 89116412 0.031444
2463 80487995 0.018401
2464 89202873 0.021292
2465 85962896 0.017907
2466 81086464 0.028698
2467 83121348 0.028208
2468 97136914 0.037752
2469 98466653 0.038888
247 75196201 0.017599
2470 89933415 0.021135
2471 91071030 0.017858
2472 94260805 0.028522
2473 81424499 0.029804
2474 79226913 0.030172
2475 82704591 0.033101
2476 87511160 0.032286
2477 79703919 0.029693
2478 84523081 0.030951
2479 88537313 0.035194
248 83400394 0.030761
2480 92809846 0.036968
2481 91727730 0.027221
2482 79736489 0.029879
2483 96645051 0.036116
2484 81489816 0.029974
2485 85018556 0.032204
2486 83007601 0.033386
2487 88769480 0.033664
2488 83375045 0.028415
2489 77698040 0.028612
249 82826088 0.033821
2490 81952195 0.03011
2491 76255551 0.028335
2492 85135201 0.031626
2493 86905663 0.031952
2494 82996347 0.030126
2495 94484122 0.035896
2496 74951747 0.025901
2497 82034053 0.035188
2498 77420903 0.027899
2499 81430004 0.027434
25 81738263 0.020315
250 90637285 0.033711
2500 96328102 0.037874
2501 86656279 0.03238
2502 75480147 0.026128
2503 85188887 0.031825
2504 89528294 0.0328
2505 76620848 0.026711
2506 79943224 0.026586
2507 93020880 0.03473
2508 87796563 0.034948
2509 78321767 0.029772
251 74911201 0.025995
2510 79712588 0.026649
2511 94908713 0.027282
2512 78007220 0.028939
2513 90136319 0.033672
2514 87168394 0.035293
2515 89568310 0.033695
2516 84595315 0.022513
2517 87500585 0.03278
2518 81034316 0.030362
2519 81108493 0.028057
252 92126566 0.035572
2520 72777897 0.023961
2521 85990087 0.031754
2522 91306221 0.031577
2523 89894840 0.025156
2524 84978905 0.01952
2525 86907218 0.023306
2526 75482481 0.014308
2527 81318306 0.027181
2528 84800771 0.029364
2529 89538588 0.032685
253 74446120 0.025565
2530 70822994 0.022749
2531 88050300 0.036432
2532 75772607 0.02435
2533 81527453 0.031442
2534 92240762 0.038111
2535 92603831 0.025623
2536 83862458 0.030877
2537 87941804 0.036398
2538 68490586 0.023459
2539 82153691 0.02529
254 79405786 0.019009
2540 81351881 0.028587
2541 71548782 0.024139
2542 89250857 0.032727
2543 74536806 0.025196
2544 78679150 0.022829
2545 86258163 0.020677
2546 93866797 0.020972
2547 94426955 0.018997
2548 78484421 0.019707
2549 88973274 0.034939
255 74666963 0.026902
2550 89779696 0.032192
2551 90300475 0.024342
2552 88201514 0.031689
2553 72839258 0.024639
2554 89110374 0.034068
2555 89160972 0.031775
2556 80143861 0.027642
2557 74899423 0.023609
2558 83859987 0.03097
2559 79877741 0.023926
256 88002111 0.034317
2560 73776955 0.01665
2561 74825433 0.026995
2562 86025786 0.024073
2563 75991971 0.026799
2564 83600925 0.028107
2565 73136145 0.018168
2566 85135603 0.019954
2567 73707330 0.015398
2568 70447479 0.023609
2569 76575455 0.026717
257 93842667 0.028551
2570 77218139 0.014982
2571 71054622 0.012268
2572 84015561 0.015326
2573 84927152 0.015979
2574 75093889 0.012181
2575 73694684 0.027116
2576 80710051 0.030718
2577 96397481 0.036207
2578 84478452 0.021845
2579 87023367 0.019531
258 77981083 0.023986
2580 92650017 0.03297
2581 97085992 0.035784
2582 89193947 0.035474
2583 87854340 0.032755
2584 69290212 0.024449
2585 83939966 0.023887
2586 94990211 0.022506
2587 94501821 0.02961
2588 92149977 0.023308
2589 75873959 0.021309
259 85224396 0.032018
2590 82373225 0.030082
2591 84210150 0.032989
2592 82465245 0.028607
2593 68713098 0.01607
2594 75007989 0.025382
2595 76415266 0.028514
2596 71197656 0.024116
2597 72394746 0.026626
2598 90767185 0.027454
2599 92156830 0.035749
26 78292790 0.025164
260 88349416 0.024615
2600 96523569 0.038361
2601 84133275 0.02196
2602 96325484 0.035084
2603 93223240 0.038074
2604 72259058 0.016283
2605 91327964 0.022311
2606 87337473 0.034746
2607 77186095 0.026847
2608 95566338 0.038235
2609 84041655 0.029395
261 82307193 0.029054
2610 81086103 0.028672
2611 84779668 0.031002
2612 84850946 0.032203
2613 88121379 0.031845
2614 89830104 0.035132
2615 87343003 0.034381
2616 79052152 0.026633
2617 84642761 0.032052
2618 79883576 0.020038
2619 81332636 0.027863
262 84631949 0.035206
2620 84842991 0.034184
2621 82622115 0.0285
2622 75510441 0.02604
2623 100457805 0.029128
2624 75138744 0.026639
2625 78487367 0.022518
2626 93919436 0.036656
2627 80699151 0.030692
2628 90264991 0.03545
2629 83018650 0.021056
263 74525335 0.025685
2630 78904496 0.027863
2631 79854194 0.021399
2632 86709175 0.029558
2633 80273731 0.02115
2634 83560867 0.030808
2635 96617296 0.027703
2636 87705771 0.035995
2637 92221295 0.03391
2638 71925667 0.023877
2639 84051313 0.024314
264 91048416 0.032348
2640 79443594 0.031695
2641 88368691 0.033324
2642 75628920 0.025346
2643 81581829 0.030499
2644 88489645 0.033889
2645 94366474 0.035537
2646 89170775 0.034431
2647 75023325 0.026461
2648 71181499 0.023659
2649 97937530 0.037286
265 99365111 0.035891
2650 90694432 0.035263
2651 96882402 0.036945
2652 74211196 0.025579
2653 80337779 0.02718
2654 75411575 0.026719
2655 76302970 0.024628
2656 100178065 0.028437
2657 97004792 0.037481
2658 81987124 0.030415
2659 83749042 0.021916
266 89572724 0.033961
2660 82061228 0.02936
2661 71344912 0.01795
2662 98003792 0.035524
2663 75683329 0.025494
2664 68757895 0.024282
2665 76856853 0.025863
2666 87930910 0.03376
2667 87861188 0.034458
2668 88210603 0.023042
2669 92479971 0.035705
267 81284844 0.020108
2670 74040533 0.016102
2671 80619710 0.018049
2672 77850683 0.013376
2673 87867526 0.01952
2674 78857023 0.013549
2675 92604016 0.019679
2676 86104821 0.015513
2677 79536696 0.01246
2678 94216634 0.020207
2679 84731693 0.015434
268 79570200 0.013346
2680 74905297 0.025169
2681 80788576 0.027793
2682 88859889 0.026349
2683 75202630 0.027288
2684 80943720 0.024133
2685 87327814 0.034697
2686 93817784 0.035456
2687 69092948 0.024391
2688 76045956 0.026856
2689 97413042 0.036689
269 79167864 0.027739
2690 79261358 0.028847
2691 78704589 0.023067
2692 79706770 0.017555
2693 77403419 0.014096
2694 77039874 0.013855
2695 83202527 0.015522
2696 82625034 0.015481
2697 86410040 0.015835
2698 90494711 0.017222
2699 90981298 0.017121
27 77839717 0.011794
270 89164401 0.015209
2700 94972125 0.019954
2701 79299896 0.02729
2702 72368416 0.016748
2703 77934428 0.018086
2704 81590989 0.030362
2705 82888478 0.031152
2706 82377278 0.023726
2707 79574390 0.03015
2708 90997861 0.033711
2709 77934682 0.02665
271 77927692 0.027269
2710 76772980 0.019318
2711 87158926 0.033618
2712 79034428 0.026294
2713 76363288 0.02031
2714 95431576 0.036143
2715 92606327 0.03423
2716 88539564 0.034333
2717 93226604 0.036787
2718 85060407 0.032837
2719 86476435 0.032802
272 77724924 0.017874
2720 95735109 0.024029
2721 78363276 0.026119
2722 92906354 0.036437
2723 77063179 0.028858
2724 91895907 0.035136
2725 83282478 0.029146
2726 90686735 0.032078
2727 92752082 0.035294
2728 89820189 0.03328
2729 74930752 0.025238
273 88005694 0.026774
2730 83123008 0.031561
2731 83418121 0.032407
2732 83010859 0.021271
2733 91163172 0.022865
2734 77543229 0.028978
2735 81707796 0.030973
2736 78597683 0.019409
2737 95785266 0.037722
2738 83913760 0.021596
2739 93876577 0.037953
274 72653687 0.023405
2740 95740304 0.037035
2741 91147100 0.029198
2742 92267671 0.024776
2743 91040162 0.019179
2744 89460057 0.015349
2745 78589573 0.012276
2746 94478737 0.019145
2747 79548072 0.01402
2748 94692739 0.019009
2749 94496041 0.019654
275 83289840 0.014184
2750 73521341 0.011045
2751 72342728 0.011141
2752 89756845 0.019834
2753 97859061 0.037904
2754 80205425 0.026814
2755 76596207 0.020917
2756 87626174 0.030205
2757 71458203 0.024751
2758 85414705 0.031837
2759 82054635 0.026126
276 90093487 0.036761
2760 94912299 0.037237
2761 90746405 0.026027
2762 76799822 0.028313
2763 83544709 0.032989
2764 76925928 0.027502
2765 80636039 0.026057
2766 92522088 0.034824
2767 91484668 0.035247
2768 72697854 0.025041
2769 81276048 0.026133
277 86927264 0.033768
2770 80370386 0.030989
2771 80920687 0.031004
2772 94192576 0.035149
2773 75534877 0.02757
2774 81825476 0.024563
2775 87408617 0.02266
2776 77483996 0.014273
2777 75105627 0.012517
2778 86998877 0.017281
2779 84464241 0.020772
278 73361170 0.023078
2780 85899734 0.033815
2781 86400636 0.031953
2782 89813512 0.034627
2783 80241375 0.028895
2784 75501082 0.028383
2785 81740339 0.030285
2786 78941812 0.027355
2787 94235886 0.036475
2788 86339669 0.032178
2789 81746793 0.028864
279 72991910 0.018401
2790 81759303 0.0305
2791 77729920 0.025837
2792 69503770 0.023072
2793 69621948 0.024776
2794 81896889 0.030138
2795 90355464 0.035808
2796 83095895 0.029219
2797 93302728 0.036782
2798 90361754 0.033068
2799 91709164 0.033184
28 78398935 0.024389
280 71327112 0.024146
2800 83514099 0.030383
2801 90246409 0.026328
2802 86563945 0.021264
2803 71020449 0.022741
2804 86476671 0.024253
2805 85834107 0.031174
2806 85082566 0.030433
2807 89586828 0.023373
2808 93882500 0.022442
2809 82436288 0.025616
281 89469341 0.033802
2810 84246619 0.029753
2811 91184310 0.032802
2812 80108974 0.03066
2813 90106039 0.026836
2814 82815323 0.028923
2815 90632082 0.034522
2816 88060134 0.03155
2817 73435039 0.016209
2818 74671952 0.017478
2819 79002759 0.016239
282 89471074 0.034934
2820 78486397 0.019011
2821 90021142 0.026091
2822 93588805 0.020422
2823 86891350 0.016986
2824 75365816 0.013029
2825 74415251 0.011937
2826 72239834 0.011072
2827 91351563 0.018324
2828 74005460 0.019025
2829 68910163 0.015988
283 91446429 0.037284
2830 95645903 0.029873
2831 85608147 0.031896
2832 91394233 0.035922
2833 94568911 0.036415
2834 96042719 0.037162
2835 71296617 0.023995
2836 92499079 0.03346
2837 78991894 0.026018
2838 79166708 0.027373
2839 81034729 0.029194
284 88667774 0.030571
2840 73618598 0.018721
2841 89643668 0.022968
2842 74392519 0.024789
2843 94379212 0.033813
2844 75472138 0.031377
2845 73341020 0.023508
2846 72660486 0.024642
2847 86831654 0.032733
2848 88983542 0.03599
2849 85245418 0.031024
285 85215013 0.03171
2850 86086675 0.033227
2851 75718738 0.028875
2852 88759677 0.031664
2853 81683473 0.027608
2854 89428169 0.032922
2855 75062907 0.016372
2856 83870015 0.020284
286 81426643 0.017438
287 72985146 0.023677
288 77501065 0.027202
289 86950313 0.034511
29 85764718 0.031745
290 87718049 0.034017
291 74722475 0.025037
292 86324769 0.034175
293 76907872 0.028686
294 93286566 0.028662
295 74728610 0.015569
296 93170342 0.019659
297 70456612 0.011808
298 73848511 0.011407
299 75235392 0.019992
3 89240880 0.024758
30 76203282 0.015154
300 76327239 0.027069
301 84493661 0.023652
302 74685693 0.027559
303 97438432 0.037027
304 80303251 0.02739
305 93837310 0.034086
306 87227169 0.032114
307 82454486 0.028068
308 78860068 0.027468
309 76700787 0.026505
31 82052936 0.0234
310 92155532 0.024707
311 86439177 0.025246
312 79182820 0.029555
313 78659141 0.028392
314 89268496 0.026687
315 94121038 0.02414
316 87565936 0.028838
317 88141824 0.032075
318 86531796 0.022994
319 87821181 0.034246
32 84165845 0.022499
320 79388995 0.027534
321 89471496 0.022565
322 82515571 0.016193
323 79378051 0.013601
324 88429823 0.034766
325 75509996 0.024729
326 81881463 0.028545
327 80030761 0.027008
328 81424125 0.022485
329 75922336 0.025682
33 80965717 0.028795
330 80882191 0.028789
331 78838222 0.02876
332 79280880 0.020537
333 87784176 0.031381
334 74471198 0.026455
335 89129929 0.036356
336 94160918 0.027143
337 91818351 0.03501
338 91156304 0.03638
339 89860575 0.035412
34 85176010 0.033111
340 86134725 0.024104
341 94851493 0.024159
342 83990699 0.016366
343 99910921 0.018308
344 90566586 0.025727
345 74739583 0.023087
346 83650002 0.025342
347 84783774 0.020286
348 93344005 0.035706
349 84678491 0.031438
35 91353158 0.036663
350 91017371 0.025327
351 81375671 0.023887
352 95573962 0.026283
353 86873855 0.035827
354 87774953 0.025413
355 76096083 0.015409
356 87823301 0.017973
357 78900595 0.015064
358 60444521 0.010735
359 71643511 0.01048
36 92406573 0.020509
360 76681516 0.012357
361 74806240 0.01959
362 95537222 0.024712
363 77279140 0.026587
364 76901446 0.020457
365 70383116 0.0149
366 93377887 0.021418
367 79425887 0.015543
368 88838257 0.017514
369 74830119 0.013524
37 88566301 0.016181
370 83297084 0.023912
371 87715508 0.020736
372 95460204 0.038422
373 74454404 0.018441
374 79151343 0.02051
375 94443335 0.023807
376 72702631 0.024653
377 82693236 0.030783
378 82523273 0.031639
379 71771242 0.024882
38 93568749 0.029947
380 88536861 0.022064
381 97189568 0.034435
382 82423603 0.019706
383 87266382 0.019021
384 73517385 0.013023
385 74773381 0.013056
386 84076074 0.013671
387 76543093 0.013066
388 72420298 0.01118
389 94946456 0.018462
39 76475919 0.026019
390 78253954 0.019557
391 88957423 0.030539
392 81423832 0.028662
393 71110955 0.024593
394 81346496 0.020496
395 72407379 0.025449
396 96733205 0.037881
397 73314756 0.025604
398 93360270 0.03835
399 68111390 0.024072
4 73462548 0.024719
40 77861641 0.019695
400 92560022 0.032767
401 77302137 0.016495
402 93567081 0.034537
403 93268753 0.035067
404 93355611 0.027729
405 76130309 0.026389
406 79686411 0.029768
407 99422779 0.029644
408 77497638 0.026874
409 76937044 0.021022
41 80560460 0.027619
410 76509625 0.02685
411 79457342 0.0287
412 82088241 0.029703
413 87947437 0.021739
414 88785773 0.035764
415 100908213 0.036696
416 85583172 0.032325
417 96440221 0.038251
418 68326421 0.024686
419 68953051 0.017635
42 73809131 0.023788
420 74248243 0.02342
421 96410059 0.036156
422 77708274 0.028138
423 89293416 0.032394
424 77668420 0.025765
425 72347847 0.024025
426 94085857 0.032494
427 86776365 0.024268
428 91603220 0.030107
429 92302002 0.032831
43 87745588 0.03211
430 79783164 0.019683
431 92986716 0.037597
432 80229717 0.019368
433 76920399 0.017768
434 72640247 0.02527
435 69103514 0.023424
436 84685128 0.023195
437 94404076 0.025729
438 75056963 0.013654
439 92684568 0.019641
44 69471017 0.010664
440 79109999 0.013321
441 91587270 0.018077
442 76118568 0.020153
443 80872934 0.022607
444 92981847 0.022903
445 81761344 0.032886
446 85555436 0.032325
447 82043077 0.031569
448 75123485 0.027025
449 95214481 0.027991
45 75811606 0.015526
450 95205091 0.03751
451 97799547 0.035073
452 79691924 0.031082
453 88685431 0.032902
454 79367114 0.026295
455 88728315 0.027168
456 75012756 0.0271
457 72334439 0.028425
458 74968309 0.01867
459 95020808 0.037572
46 96498938 0.03677
460 98719898 0.038445
461 95247757 0.034894
462 86071097 0.034134
463 96337972 0.028389
464 69097034 0.024224
465 70098797 0.023631
466 88118978 0.03796
467 89506272 0.031766
468 69234655 0.023957
469 80611313 0.023273
47 97882246 0.025527
470 82695324 0.026608
471 80405157 0.028817
472 80812045 0.032971
473 66797431 0.025145
474 84092890 0.031292
475 90259691 0.027957
476 86887135 0.020693
477 73512365 0.014805
478 88096366 0.016081
479 97976310 0.019841
48 81027743 0.021194
480 95038655 0.023552
481 91223338 0.032221
482 92850706 0.027906
483 89246450 0.035964
484 79790183 0.019266
485 76962701 0.025121
486 96295386 0.037612
487 71323076 0.015195
488 85546167 0.030692
489 66666446 0.023692
49 70808114 0.018835
490 82022539 0.02971
491 92791890 0.035103
492 94288888 0.03765
493 86048818 0.031577
494 74467475 0.019354
495 95095916 0.024014
496 75620951 0.014391
497 72581118 0.012065
498 81651084 0.013361
499 83546247 0.014605
5 76630071 0.012856
50 87817017 0.017288
500 86623943 0.016624
501 73709385 0.017384
502 82092855 0.018018
503 70603138 0.012008
504 67051248 0.011578
505 93437041 0.0201
506 86854491 0.023016
507 77486556 0.027507
508 84893728 0.021415
509 89521653 0.032692
51 82910580 0.031239
510 92491572 0.027421
511 85191570 0.030512
512 86223298 0.022345
513 79690506 0.028766
514 84574369 0.023004
515 69646032 0.025353
516 92926667 0.030742
517 83269501 0.019259
518 75651614 0.014426
519 70549611 0.011346
52 94325224 0.019501
520 69985996 0.015342
521 81362406 0.017763
522 83441713 0.017878
523 75663643 0.023598
524 74361663 0.02867
525 80355186 0.029585
526 84318754 0.029634
527 96151317 0.037166
528 94673328 0.034715
529 77195050 0.020037
53 91212270 0.034251
530 75732524 0.027913
531 90247163 0.03315
532 95035483 0.033486
533 75405657 0.024169
534 89535711 0.036379
535 80113773 0.02639
536 80520768 0.026824
537 81018290 0.028384
538 70994696 0.024216
539 87846534 0.025762
54 76749735 0.017096
540 98930484 0.021753
541 84437849 0.026938
542 96267592 0.023851
543 90018957 0.018104
544 78082649 0.012394
545 90143700 0.016914
546 88018145 0.024205
547 89379699 0.034497
548 84203447 0.03225
549 95162424 0.036525
55 93310535 0.036893
550 88234468 0.033966
551 77921509 0.025923
552 75129020 0.027106
553 87426510 0.031688
554 91895188 0.033979
555 82301700 0.027776
556 85818060 0.030363
557 92108305 0.036334
558 93740202 0.037206
559 83838685 0.028843
56 77228608 0.028308
560 80233377 0.029396
561 75435796 0.018376
562 71858842 0.023038
563 85959923 0.03385
564 86736617 0.023072
565 96075610 0.036016
566 89697237 0.034959
567 78513737 0.026487
568 68459883 0.02362
569 88649303 0.031219
57 79121857 0.017771
570 90597116 0.021382
571 79228707 0.026947
572 91424528 0.036798
573 77079305 0.018312
574 71762059 0.024829
575 93319812 0.026431
576 83475399 0.030962
577 91588619 0.035311
578 72442102 0.025634
579 88852509 0.035156
58 92956085 0.027162
580 93709615 0.021501
581 76613166 0.02064
582 87510594 0.030219
583 91158103 0.035789
584 89082923 0.033891
585 94329272 0.035907
586 77712007 0.026648
587 79131098 0.02937
588 69306007 0.017152
589 80169391 0.027006
59 79752951 0.028217
590 90513643 0.031002
591 77930430 0.028828
592 80045960 0.030397
593 68147194 0.024185
594 79877743 0.023244
595 91444933 0.033555
596 88398569 0.031713
597 84581874 0.033464
598 75924935 0.025944
599 76405223 0.025444
6 86822726 0.033474
60 74059381 0.026033
600 84263420 0.029817
601 73739908 0.023486
602 94479797 0.037961
603 88664102 0.024855
604 98233740 0.037708
605 92313220 0.034244
606 91585311 0.035044
607 75428634 0.01773
608 81379569 0.018843
609 87500100 0.029181
61 74543604 0.018336
610 78086251 0.018147
611 83589988 0.015057
612 89902233 0.020345
613 90495680 0.017469
614 85852760 0.018451
615 84139047 0.018795
616 92472516 0.018983
617 94082056 0.02028
618 75818538 0.01821
619 90112570 0.023218
62 70382765 0.025244
620 82121528 0.024237
621 83990011 0.019963
622 91033027 0.033615
623 95994740 0.03794
624 74519700 0.026397
625 90964323 0.036964
626 69701468 0.025271
627 79633015 0.022932
628 71484245 0.015126
629 78236303 0.018792
63 83348036 0.018227
630 87015842 0.020064
631 72899356 0.023459
632 92881646 0.029513
633 83493796 0.030793
634 77135312 0.01898
635 93529562 0.025061
636 85837484 0.026179
637 76476165 0.028907
638 95296633 0.030396
639 74487609 0.01533
64 96390260 0.020859
640 77676696 0.012935
641 90800864 0.01725
642 85050261 0.016039
643 80890481 0.013265
644 79411284 0.014389
645 95179544 0.019313
646 75954756 0.018125
647 84564087 0.020723
648 86598451 0.018572
649 92214264 0.036399
65 81261448 0.031544
650 93440154 0.026657
651 87799202 0.019564
652 72548712 0.011924
653 85089760 0.017209
654 79272490 0.027736
655 82866947 0.031572
656 87353617 0.026184
657 82089847 0.029888
658 72215608 0.023308
659 73765876 0.027109
66 79229925 0.028511
660 76036502 0.021928
661 81268090 0.030284
662 97199215 0.037755
663 92831338 0.036749
664 84931511 0.029652
665 70363078 0.017303
666 85014821 0.030891
667 89501364 0.032569
668 74489874 0.026472
669 75004262 0.019547
67 77071429 0.017642
670 92029254 0.033995
671 90989634 0.026317
672 95149852 0.037162
673 87359238 0.033761
674 84126076 0.023753
675 71072388 0.024812
676 72881903 0.02749
677 84816799 0.030475
678 74480343 0.018264
679 86640890 0.019727
68 83699138 0.01652
680 77979632 0.027658
681 90835408 0.035081
682 86533515 0.032665
683 84089815 0.021721
684 85120692 0.032173
685 81431484 0.02193
686 92441584 0.035707
687 96208576 0.036272
688 83849436 0.020088
689 94315392 0.023323
69 85006682 0.015311
690 86453524 0.015686
691 81130274 0.014899
692 79378353 0.013367
693 78340061 0.012264
694 77157262 0.010828
695 80259178 0.01217
696 82976809 0.026262
697 84532762 0.034129
698 74550209 0.019217
699 85850931 0.021775
7 92160584 0.037828
70 79244618 0.026279
700 71183249 0.02408
701 84886609 0.033206
702 79633046 0.029436
703 83691162 0.034331
704 86784017 0.029434
705 74946077 0.026619
706 80360783 0.024758
707 75587119 0.027077
708 88265272 0.037752
709 73591070 0.025418
71 94630507 0.03824
710 73604747 0.028798
711 91754874 0.034161
712 93824778 0.03308
713 78233146 0.020618
714 75911722 0.026121
715 79223153 0.030493
716 79325449 0.029865
717 77221512 0.023681
718 71971545 0.023385
719 89478796 0.033472
72 86925453 0.031186
720 69698651 0.016569
721 89034755 0.033083
722 87537907 0.024957
723 87469764 0.033773
724 95136120 0.037191
725 84930667 0.03316
726 87096734 0.033655
727 94684413 0.03397
728 78880731 0.020846
729 77331839 0.029083
73 88948699 0.03489
730 90518792 0.036367
731 86460489 0.031063
732 94765596 0.036943
733 85776525 0.032675
734 87150996 0.033401
735 77443230 0.025624
736 78516852 0.02858
737 83839746 0.030809
738 73358771 0.02656
739 87679137 0.024174
74 75253330 0.016373
740 75686454 0.027549
741 93145350 0.03809
742 68954671 0.023576
743 71828301 0.020616
744 96707627 0.026517
745 95964615 0.037496
746 79627965 0.025383
747 85709092 0.03237
748 76941368 0.027657
749 69015899 0.02335
75 86066291 0.031927
750 89463230 0.025371
751 92245160 0.035787
752 77908615 0.020521
753 80791694 0.028291
754 70276879 0.022936
755 89816695 0.031996
756 89499274 0.035865
757 95647084 0.038537
758 86188889 0.033514
759 96335376 0.037253
76 89743423 0.03381
760 92172161 0.037573
761 87376544 0.028628
762 80989284 0.026082
763 82066568 0.033617
764 75846199 0.019147
765 71093281 0.014194
766 86413113 0.020685
767 81595760 0.02325
768 87743229 0.03239
769 88451276 0.034013
77 80476558 0.02012
770 82849073 0.01707
771 79738656 0.014768
772 83072897 0.02831
773 95186534 0.03658
774 86780284 0.033258
775 85956710 0.033779
776 76613653 0.026106
777 89605798 0.038197
778 80350841 0.020367
779 88467032 0.036657
78 74257585 0.024666
780 78894513 0.025709
781 94752001 0.036477
782 86829500 0.02002
783 93262835 0.018668
784 73688682 0.011153
785 93613458 0.036768
786 74271054 0.024126
787 75075024 0.02141
788 74814648 0.017
789 75795871 0.014976
79 89548130 0.018966
790 87415273 0.032611
791 73367414 0.024303
792 78741774 0.028421
793 92203385 0.028147
794 91163875 0.033715
795 71416544 0.017036
796 89977622 0.022691
797 95197270 0.030079
798 81854511 0.017879
799 83517325 0.02958
8 93311471 0.03807
80 75111772 0.018109
800 85004825 0.031428
801 87605839 0.032813
802 85219763 0.033312
803 83934400 0.020539
804 83919642 0.018448
805 93340229 0.01807
806 74819769 0.011093
807 83396065 0.015015
808 89191549 0.016826
809 90729494 0.01754
81 89611468 0.019668
810 87707292 0.018232
811 76839863 0.012176
812 82993495 0.015809
813 90585103 0.018662
814 88916009 0.017322
815 78817266 0.012318
816 88422551 0.015754
817 85530528 0.014506
818 82192864 0.014823
819 75657076 0.011968
82 73675626 0.023006
820 73854788 0.023749
821 76811394 0.019018
822 90417388 0.021351
823 81240466 0.017342
824 73867053 0.011787
825 95459109 0.020147
826 74389669 0.025401
827 70224780 0.024373
828 79319748 0.027048
829 88129039 0.035185
83 88719020 0.024918
830 82496670 0.028848
831 86724064 0.032702
832 83668837 0.021206
833 69637051 0.019672
834 71192089 0.02455
835 71162494 0.017828
836 74980746 0.026131
837 94669470 0.033121
838 75030191 0.018851
839 78979487 0.027632
84 86703413 0.031524
840 81565097 0.027112
841 89712665 0.034385
842 97070871 0.033574
843 89593680 0.032867
844 87635497 0.033936
845 72771875 0.023306
846 82512303 0.029134
847 85992575 0.021744
848 82467649 0.029182
849 93836215 0.038192
85 83157465 0.030524
850 92728755 0.026032
851 87773327 0.032483
852 78569399 0.029103
853 94524041 0.036772
854 82979076 0.028493
855 78597278 0.021523
856 76977327 0.026423
857 94475481 0.035335
858 88708812 0.034778
859 74368996 0.025322
86 93369187 0.036112
860 81527233 0.028191
861 92739629 0.034928
862 93835822 0.025663
863 90524370 0.0207
864 90406806 0.018109
865 80403255 0.01382
866 78099600 0.011522
867 75080492 0.013355
868 89633176 0.017908
869 90539369 0.017169
87 73679576 0.01074
870 94586786 0.02815
871 76191583 0.026773
872 81547542 0.030161
873 73856146 0.017568
874 90102649 0.023091
875 87580034 0.033013
876 72826510 0.026095
877 90829022 0.029745
878 92316054 0.021811
879 71116711 0.024151
88 73424840 0.025604
880 94026719 0.035976
881 73528539 0.027984
882 76755797 0.024827
883 90465275 0.030275
884 70057180 0.024464
885 73637757 0.023556
886 72534587 0.024036
887 73318815 0.024694
888 84453917 0.029034
889 74179986 0.025926
89 94583194 0.037188
890 92361246 0.02617
891 89622631 0.033685
892 78463702 0.018232
893 94742580 0.023274
894 91490892 0.029388
895 82059787 0.018182
896 87236012 0.017321
897 94900057 0.020121
898 73377331 0.024776
899 81218770 0.030382
9 91524527 0.036904
90 89428924 0.024752
900 91184803 0.019477
901 54669742 0.03021
902 88849578 0.032215
903 82503814 0.031388
904 76914708 0.018378
905 76909511 0.017931
906 81255437 0.01863
907 81788085 0.01671
908 81679769 0.029854
909 81168501 0.028119
91 67875969 0.024626
910 88583216 0.031727
911 92389439 0.036094
912 72162386 0.024936
913 88545668 0.03536
914 78584590 0.017909
915 79355890 0.029132
916 79332067 0.029842
917 91540957 0.036269
918 78134028 0.019246
919 87210231 0.020492
92 88995774 0.027765
920 89379687 0.033069
921 84441422 0.02893
922 92183016 0.037141
923 90418261 0.026293
924 72357420 0.024768
925 85308612 0.031326
926 88221522 0.02528
927 70987244 0.022168
928 93088539 0.036727
929 90403842 0.034022
93 94333569 0.025568
930 85459879 0.030099
931 94147764 0.035744
932 94716494 0.036242
933 67642274 0.015923
934 92993870 0.02403
935 90110528 0.017801
936 75753118 0.012887
937 94682716 0.020316
938 90992019 0.019086
939 84417932 0.025015
94 86616038 0.033078
940 81413466 0.029177
941 72202440 0.016801
942 81384118 0.028828
943 94956750 0.024923
944 72661119 0.024129
945 84694396 0.028926
946 85212478 0.032889
947 74903789 0.027208
948 71307049 0.017342
949 90011884 0.022269
95 81465788 0.015093
950 90521959 0.020303
951 67234420 0.010787
952 91490187 0.034794
953 86078469 0.031376
954 94639698 0.035613
955 86771199 0.034711
956 82917844 0.025047
957 84686764 0.032166
958 93842482 0.026087
959 76255660 0.02902
96 79906493 0.028079
960 79874799 0.029037
961 78560652 0.027207
962 78780119 0.019012
963 75304562 0.016898
964 92984075 0.023368
965 74427234 0.020523
966 78407944 0.027638
967 82609495 0.033137
968 71084740 0.024341
969 81629698 0.022566
97 76747260 0.015439
970 75259827 0.013204
971 73275709 0.012119
972 63084888 0.011119
973 70236631 0.011055
974 83704731 0.030904
975 84724625 0.029302
976 76014153 0.025465
977 79703460 0.029832
978 86997106 0.031925
979 73296979 0.025234
98 83149761 0.033925
980 74468760 0.027397
981 80246174 0.028827
982 99162810 0.029075
983 75529170 0.02502
984 89617782 0.035297
985 89786114 0.034475
986 89204659 0.03393
987 78750937 0.025914
988 81708494 0.030396
989 94549038 0.036878
99 72436003 0.017686
990 83164712 0.032268
991 83194838 0.030129
992 82140216 0.031468
993 89066073 0.030584
994 74367702 0.025829
995 91913372 0.02888
996 93131005 0.037415
997 80808181 0.028957
998 76870750 0.027983
999 93393460 0.036732
